5189
6037
7753
8014
22753
33342
41429
52760
52768
65679
65717
65909
66391
85182
85640
87684
88254
89136
100085
136617
136618
137126
138404
139359
140158
141053
141432
141495
141593
141851
143404
144898
152560
152664
152671
152685
152754
152828
153002
153201
153311
153814
154019
154269
154590
155338
162000
162120
162183
162361
162416
162422
162695
162998
163348
163364
163373
163697
164202
164211
170086
172678
175706
177049
184266
189040
194268
196068
199801
200840
202683
206910
207398
214869
215588
216115
216258
216523
220839
221455
226514
234145
242708
255071
264357
264993
267221
267494
269690
276033
277570
285263
286080
292220
297418
301844
302169
306383
307005
308242
308635
310442
312070
329437
337075
337558
342866
348306
350523
350751
357622
358744
359369
363305
363505
363599
363734
363831
367789
369264
373135
374038
374158
375054
382406
382745
382758
386454
387505
387746
399457
401954
403775
405212
406213
410778
414287
414990
416151
417211
422686
423321
425755
429584
430544
437844
438105
438908
438955
445974
446862
448721
450142
450263
450894
452302
452807
453778
455148
455176
458122
459683
462238
462959
463387
465633
466130
467351
467460
468005
468468
471240
471241
475534
477465
480822
480883
481394
481457
481482
483423
484506
484976
485652
488453
488490
490354
494710
638470
638471
500017
500027
500028
500098
500164
500450
500584
500600
500666
500675
500711
500795
500806
500896
501065
501214
501359
501516
501523
501537
501604
501811
501842
501881
501912
502033
502424
502520
502549
503390
503396
503398
503399
503429
504246
504247
504419
505530
505542
505609
505619
505626
505767
505775
505968
506016
506017
506169
506181
506371
506390
506391
506394
506469
506495
506555
506570
507620
507684
510746
511204
511299
511301
511544
511573
512237
513322
513495
514276
514307
514466
514553
514559
514587
514606
514656
515210
515240
515324
515327
515407
515412
515436
515527
515585
515595
515670
515880
515980
515981
516129
516130
516848
517707
517964
518183
518286
518445
518633
518831
518832
518947
520900
523121
523811
526474
527186
527986
528423
528484
529246
529248
530300
530361
530363
530883
531237
531283
531406
531456
531610
531760
535293
535976
536045
536049
537870
537873
539790
540313
540639
541311
541726
542204
542352
542426
542522
542638
544296
544480
544489
544492
546749
548604
549651
549661
550246
550259
551340
551699
552613
552620
553982
554129
554302
554532
555042
555538
555888
561615
562009
562431
562812
564012
564523
564648
565239
565579
565620
566417
566418
567424
567699
568360
568914
571235
572216
572706
573959
573992
574322
574368
575072
578072
578680
579163
579164
579867
580375
580706
580707
580857
583462
583501
583807
583898
584691
586439
591534
593614
594077
594097
594706
595048
595722
597204
597712
598169
598709
598971
599107
599109
599833
599854
600251
600936
600971
601288
601335
601478
602746
602841
603852
603983
604320
604322
608311
608568
611709
611993
612731
612741
612800
612927
613497
613588
613777
613970
614600
614829
615070
617761
618333
618357
618385
618422
618529
619048
621091
622026
622027
624311
625633
625944
625948
628276
628280
628407
628424
628619
628639
628672
630880
631341
634149
634413
634416
634945
635118
635145
638615
638671
639416
639417
639586
639684
639808
640048
640971
642672
645791
646433
647191
647210
648503
649059
649155
649833
649918
649924
650287
651557
651878
653916
653926
654934
655253
655278
655657
656033
656504
656830
657011
657609
658039
658044
662240
663439
663540
667905
668687
669453
672264
673662
677625
677652
677791
684307
684310
684320
685822
685941
686407
688275
688515
688585
688629
688633
688790
688794
689407
689543
689735
690158
690180
690198
693415
693884
694636
694956
694996
696941
697041
697046
697402
697577
697968
699218
699760
701771
703760
703771
705478
709159
709163
711251
711442
711543
711549
711553
712397
712880
712890
713695
713739
714074
715541
715669
716007
716024
716840
717501
720507
721097
721418
721776
722284
722904
723044
723292
723373
723459
723720
723998
724298
724302
724333
725293
727840
728622
731143
731993
732203
732547
732705
732763
732928
733300
733302
734678
734692
736687
736983
737140
737141
737302
738247
739170
739329
739377
739398
739908
740025
740531
740611
740859
740900
741937
742131
742203
410777
