4953
5189
5604
5693
6037
6491
7341
7753
8014
9856
16960
20425
22753
23187
27002
29075
31669
33342
35396
37638
39572
41429
52760
52768
53429
53550
65679
65717
65909
66391
67367
67381
68347
68372
68548
85182
85640
85713
85938
85990
86039
87684
88254
89136
89958
89959
90075
90416
99248
100085
101869
103067
136617
136618
136849
137108
137120
137126
137427
138095
138175
138404
138524
138727
138971
139359
139622
140039
140158
140288
141053
141432
141495
141525
141527
141593
141614
141851
143404
143487
143649
144898
144900
152560
152664
152671
152680
152685
152754
152770
152828
153002
153201
153220
153311
153814
153958
154019
154269
154275
154276
154302
154330
154590
155338
159504
162000
162039
162116
162120
162183
162210
162361
162416
162422
162695
162783
162825
162882
162922
162998
163014
163051
163067
163132
163243
163249
163348
163364
163373
163683
163697
163818
163899
164121
164202
164211
168318
170086
170903
171576
172678
175706
175729
177049
177614
179806
180186
184266
185851
186844
187040
189040
189865
192642
194006
194268
196068
196625
199801
200840
202683
205744
206378
206910
207398
207945
208023
212546
214869
215588
216115
216258
216523
216985
217430
220839
221455
226514
226554
228368
230549
231937
232691
234145
235756
242216
242450
242643
242708
243566
247360
250620
250680
250706
251346
253841
255071
264357
264993
265482
267221
267337
267494
267720
267729
269690
276033
277475
277570
279744
279816
281375
285263
286080
289315
290772
292220
297300
297418
301844
302169
302831
303450
306383
307005
308635
310442
311044
312070
314212
317255
329437
329614
331876
332446
337075
337558
341843
342866
344076
348306
348314
349507
350523
350751
352102
354182
356991
357024
357028
357439
357622
358471
358744
359170
359369
360191
361754
363024
363116
363305
363505
363599
363734
363790
363831
364136
365014
367789
368565
369057
369264
371660
373135
374038
374158
375054
375103
377097
378160
380636
381906
382395
382406
382745
382758
385343
385605
386454
386847
387505
387746
388188
388945
395207
399457
401954
403775
405212
405762
406213
408792
409836
410778
411165
412983
413260
413989
414287
414990
415029
415713
415745
416151
416591
417211
417217
417612
417634
417871
418094
418416
419880
422686
422699
423321
424482
425755
429584
430440
430544
430804
433953
434096
434188
434326
434633
434677
435159
435548
436329
436724
437841
437844
437905
438105
438908
438955
439313
439437
440212
441641
441987
442037
442523
444584
445974
446791
446862
447755
448721
450142
450263
450300
450894
451003
451124
451157
451297
451370
452302
452376
452807
453563
453778
454094
454100
454101
455148
455176
455184
455299
456938
457768
458116
458122
458418
458723
459683
462238
462550
462959
463387
465617
465633
465824
465892
466130
467309
467317
467336
467351
467460
468005
468468
468910
469896
471240
471241
471926
474231
475534
477465
480820
480822
480858
480883
481394
481457
481482
482467
482488
482798
483423
483432
483508
483560
483989
484506
484517
484976
485652
487577
488453
488490
488515
488789
490354
490581
494658
494690
494697
494710
494999
496005
611592
621316
638470
638471
697031
500011
500017
500027
500028
500034
500098
500101
500113
500164
500450
500584
500600
500661
500666
500675
500711
500712
500752
500764
500773
500795
500806
500814
500875
500894
500896
500932
501038
501065
501082
501106
501151
501189
501214
501359
501401
501516
501523
501524
501537
501587
501602
501604
501623
501709
501811
501824
501842
501881
501888
501912
501915
502033
502423
502424
502520
502539
502541
502549
503390
503394
503396
503398
503399
503422
503429
503634
504246
504247
504264
504419
505134
505149
505530
505536
505542
505609
505611
505619
505620
505626
505767
505775
505968
506016
506017
506108
506115
506169
506181
506184
506371
506390
506391
506394
506396
506469
506470
506495
506555
506570
506575
506577
507620
507684
507697
509524
510481
510746
510748
510759
511188
511204
511266
511299
511301
511353
511413
511435
511453
511544
511573
511729
511749
512021
512233
512237
513309
513322
513323
513441
513495
514261
514276
514307
514448
514466
514553
514559
514587
514606
514646
514656
514941
515019
515182
515210
515240
515324
515327
515407
515412
515436
515527
515558
515577
515585
515595
515670
515864
515880
515980
515981
515983
516129
516130
516694
516804
516806
516848
516851
517703
517707
517729
517754
517964
518183
518241
518286
518288
518384
518391
518445
518633
518798
518811
518823
518831
518832
518927
518947
519148
519449
519466
519528
519660
519945
520013
520616
520900
522197
522447
523070
523121
523367
523811
526225
526231
526474
527186
527204
527495
527976
527986
528423
528484
528810
529192
529198
529246
529248
529571
530218
530222
530300
530301
530361
530363
530413
530883
531129
531139
531233
531237
531283
531298
531406
531456
531610
531760
532151
532156
535293
535976
536045
536049
537138
537812
537867
537870
537873
538614
539782
539790
539825
539912
539990
540313
540636
540639
540640
540804
540853
540915
541311
541550
541555
541726
541972
542204
542267
542352
542359
542426
542522
542638
542650
542815
542853
542854
542903
544271
544296
544480
544489
544492
546749
546752
546939
547575
547594
547607
548348
548604
548933
549651
549655
549661
550246
550257
550259
550889
550908
550925
551340
551699
552613
552620
553821
553982
554108
554129
554280
554297
554302
554532
554564
554573
554602
554609
554633
554719
555042
555538
555888
555903
555961
556338
556339
557745
557761
559123
559169
559747
559761
561557
561615
562009
562431
562565
562798
562809
562812
562822
563009
563168
563916
564012
564523
564527
564648
565239
565266
565579
565620
565820
565862
566308
566417
566418
566458
566554
566835
566915
566918
567059
567261
567374
567393
567394
567424
567609
567698
567699
567935
567997
568360
568376
568771
568907
568914
568922
569478
570948
571114
571235
572004
572216
572348
572706
573959
573992
574322
574368
575072
576572
576721
578072
578074
578680
579163
579164
579810
579867
580375
580706
580707
580857
583462
583463
583474
583501
583807
583898
584691
586439
586760
587513
588800
591177
591534
593094
593264
593614
593776
594077
594097
594704
594706
594707
595019
595027
595034
595036
595048
595679
595722
597201
597204
597626
597645
597704
597712
597885
597964
598169
598642
598709
598888
598971
599107
599109
599833
599854
600231
600232
600251
600936
600971
601288
601335
601478
601560
601562
602546
602745
602746
602841
602844
603748
603852
603983
604002
604318
604320
604322
604390
604473
604474
604620
604662
604851
604863
605736
606022
608227
608311
608317
608556
608557
608568
608918
610757
611433
611610
611709
611993
612597
612731
612741
612800
612801
612927
613123
613246
613497
613587
613588
613777
613970
613973
614600
614829
615070
615298
615763
615764
616066
616216
616243
616558
616732
616796
616976
617432
617761
617830
617844
618206
618319
618333
618349
618357
618385
618406
618422
618423
618458
618529
618800
619048
619323
619571
620051
621091
621097
622026
622027
624311
625411
625444
625633
625944
625945
625948
626324
626412
626769
627463
628276
628280
628407
628412
628424
628618
628619
628639
628672
629184
630880
631341
631343
633545
633636
634149
634271
634413
634416
634945
635118
635145
635185
635837
638531
638615
638671
639013
639239
639299
639301
639416
639417
639515
639586
639684
639773
639808
639878
640048
640141
640835
640971
642672
642673
643111
645209
645241
645254
645256
645454
645458
645585
645791
645921
646408
646638
646980
647191
647210
648503
648876
649059
649155
649833
649918
649924
649932
650282
650287
651058
651557
651878
653916
653970
654323
654554
654934
655253
655278
655657
655660
656033
656352
656504
656830
656995
657011
657014
657230
657474
657603
657609
658036
658039
658044
658196
658240
659607
662240
663439
663537
663540
665972
666884
667253
667266
667279
667905
668687
669453
670352
671736
672264
673181
673662
675280
676302
676332
676385
677232
677625
677652
677782
677786
677791
678486
678491
684307
684309
684310
684320
685822
685941
685970
686022
686381
686407
688275
688282
688515
688585
688629
688633
688790
688794
688798
689407
689543
689732
689735
690158
690180
690198
690803
691178
691637
691760
692440
693415
693884
693933
693961
693963
694237
694636
694956
694996
695253
695510
696598
696930
696941
697041
697046
697402
697577
697968
698960
698963
699218
699329
699447
699460
699756
699760
700396
700949
701771
702092
702928
703218
703219
703225
703748
703760
703771
704355
704356
705303
705478
705885
706708
706758
707846
708656
709159
709163
709304
709562
709585
709754
709768
709793
710237
711248
711250
711251
711252
711442
711543
711549
711553
711847
712397
712880
712890
713695
713704
713739
714074
714078
714777
715541
715669
716007
716024
716840
717501
717660
717710
718477
720496
720507
721097
721158
721372
721418
721723
721776
721782
722064
722208
722282
722284
722430
722540
722904
722931
723044
723262
723292
723373
723459
723717
723720
723807
723862
723998
724298
724302
724323
724325
724333
725272
725293
726577
727481
727785
727800
728622
729952
730796
731143
731260
731306
731307
732010
732027
732034
732203
732208
732283
732284
732285
732422
732443
732477
732547
732705
732763
732796
732863
732868
732903
732928
733242
733300
733302
734075
734106
734656
734678
734692
736687
736894
736983
737140
737141
737302
738247
739170
739329
739377
739398
739516
739524
739908
740015
740025
740027
740169
740531
740591
740611
740635
740636
740655
740687
740734
740739
740774
740788
740843
740854
740855
740859
740867
740900
741127
741600
741629
741937
742131
742154
742203
742213
101955
410777
