5604
5693
6037
6491
16960
33342
37638
41429
52768
65679
65909
66391
68372
85182
87684
88254
89958
101869
136617
137126
138404
138524
138971
139359
140039
140158
141053
141495
141527
141851
143487
152664
152671
152680
152685
152754
152770
152828
153002
153201
153220
154269
154275
154276
154330
154590
162039
162116
162120
162183
162210
162361
162695
162825
162882
163014
163348
163364
163373
163697
163818
164202
170086
170903
175706
177049
186844
189040
189865
192642
194268
196068
199801
202683
206910
207398
207945
214869
215588
216258
216523
220839
221455
226514
232691
234145
242643
242708
250680
253841
255071
264357
267221
267494
267729
276033
277475
277570
279744
281375
285263
286080
290772
297418
302169
303450
304330
306383
308242
310442
312070
314212
317255
329437
329614
332446
337075
341843
342866
344076
348306
350751
358744
360191
363505
363599
363734
363790
363831
364136
365014
367789
369264
373135
374158
375054
378160
380636
381906
382406
382758
386454
386847
387505
387746
388188
388945
399457
401954
403775
405212
406213
408792
410778
413260
414990
415713
416151
417211
417612
422686
422699
425755
429584
430544
433953
434326
435159
437841
437844
438105
438908
438955
441987
442523
444584
445974
446791
448721
450142
450894
452302
452807
453563
453778
454094
454101
455148
455176
456938
458122
462238
463387
465617
465824
466130
467309
467336
467460
468005
468468
471926
474231
475534
477465
480822
480858
480883
481394
481457
482467
482798
483423
484506
484976
488453
490581
494710
638470
697031
500017
500034
500101
500164
500450
500584
500675
500711
500752
500896
501065
501106
501214
501401
501516
501523
501537
501587
501604
501811
501824
501842
501912
502033
502423
502424
502520
502539
502541
502549
503390
503398
503429
504246
504247
504419
505134
505530
505536
505542
505609
505619
505775
505968
506016
506017
506108
506115
506169
506181
506371
506390
506391
506394
506469
506570
507684
510481
510746
511204
511301
511544
511573
512021
512237
513323
513441
513495
514307
514553
514559
514587
514606
514646
514656
515210
515240
515324
515327
515407
515412
515436
515527
515558
515670
515880
515980
516129
516130
516320
516694
516848
517703
517707
517754
517964
518183
518286
518288
518384
518445
518832
518947
519148
519449
519945
520616
520900
523070
523121
523811
526474
527186
527986
528423
528484
528810
529192
529246
529248
530218
530222
530300
530361
530883
531129
531139
531237
531283
531298
531610
531760
532156
535293
536045
537870
537873
538614
539790
539825
540313
540639
540640
540853
541311
541726
542204
542352
542638
542650
542815
542903
544271
544296
544480
544489
544492
546749
546752
546939
547607
548604
548933
549651
549661
550246
550259
550925
551340
551699
552613
552620
554129
554280
554302
554532
554573
554609
554633
555042
555538
555888
557761
559123
559747
561615
562431
562565
562809
562812
563916
564523
564648
565579
565620
566417
566554
566835
566915
567393
567394
567424
567609
567935
568771
568914
572004
572216
572348
573959
573992
574368
575072
576721
578072
578680
579163
579164
579867
580375
580706
580707
580857
583462
583463
583474
583501
583807
583898
586439
586760
591534
594097
594706
595034
595048
595722
597201
597204
597626
597645
598169
598709
598971
599109
599854
600251
600936
600971
601288
601335
601562
602746
602841
603852
603983
604320
604322
604390
605736
608311
608556
608568
608918
611709
611993
612597
612731
612741
612800
612927
613497
613587
613588
613777
613970
614600
614829
615070
616066
617761
618406
618422
618423
618529
618800
619048
621091
622026
622027
625633
625944
628280
628407
628424
628619
628639
628672
629184
630880
631341
632165
633545
633636
634149
634271
634413
634416
634945
635145
635837
638671
639239
639416
639417
639684
639808
639878
640048
640835
640971
643111
645241
645454
645791
645921
646433
646638
646980
647191
647210
648503
649059
649155
649833
649918
649924
649932
650287
651557
651878
654934
655253
655278
655657
655660
656504
656830
657011
657014
657474
657609
658039
658044
658196
662240
663439
663540
666884
667253
667266
668687
669453
672264
673181
673662
676302
677232
677625
677652
677791
678491
684307
684309
684320
685822
685941
685970
686022
686381
688275
688515
688585
688629
688633
688790
688794
689407
689543
689735
690158
690180
690198
693415
693933
694636
694956
694996
696930
696941
697041
697046
697402
697577
697968
698960
698963
699218
699329
699447
699460
699760
701771
702092
703219
703760
703771
705303
705478
705885
706708
709159
709163
709562
709754
710237
711251
711442
711543
711549
711553
712397
712880
712890
713695
713739
714074
715541
715669
716007
716840
717501
720507
721097
721158
721776
721782
722064
722430
722540
722904
722931
723044
723373
723459
723720
723862
723998
724298
724302
724325
724333
725293
726577
727481
727785
728622
731143
731307
731993
732010
732027
732034
732203
732208
732705
732763
732863
732928
733300
733302
734678
734692
736687
736983
737140
737141
737302
738247
739170
739329
739377
739398
739908
740025
740027
740531
740611
740636
740687
740774
740788
740859
740867
741937
742131
742203
742213
410777
