4953
5189
7335
7341
7482
7753
7822
8566
9856
10115
12538
13651
20425
22753
23187
26663
27002
29075
31669
35107
35396
38071
39572
52760
53319
53426
53429
53550
53789
65690
65717
67367
68216
68346
68347
68548
68950
85236
85640
85713
85774
85938
85990
86039
86819
89136
89830
89959
90075
90403
90416
99248
100085
103067
111253
136618
136795
136849
137108
137120
137427
138095
138127
138175
138727
139211
139622
140288
141525
141593
141614
143404
143649
143651
143992
144332
144900
152560
152561
152637
152978
153311
153814
153958
154302
155338
159504
159857
162000
162082
162162
162421
162422
162474
162510
162567
162687
162783
162922
162979
162998
163026
163051
163067
163132
163243
163249
163683
163899
164121
164207
164216
168318
171576
171839
172678
173561
175729
177614
179806
180186
185851
187040
192559
192563
194006
196625
197588
199003
200840
206378
208023
208115
212546
216115
216985
217430
221980
226554
228368
230111
230549
231937
235756
242216
242450
243566
244977
247360
250620
250706
251346
252399
260141
263976
264993
265196
265482
267131
267337
267720
269690
275677
279816
289315
292220
294739
297300
301844
302831
304330
307005
308635
310560
311044
311066
317255
325395
330233
331876
333521
333578
348314
348400
349068
349507
350523
352102
354182
356991
357022
357024
357028
357439
357594
358471
359170
359369
361754
363024
363067
363084
363116
363305
363344
363790
365071
365424
366746
366774
367248
368203
368565
369057
371660
374038
374851
374855
375103
377097
377732
378358
380981
382395
382745
382825
385186
385252
385343
385605
387668
389694
390725
390929
391211
395207
399774
401856
405762
409836
410627
411165
412983
413989
414286
414287
415029
415713
415745
416195
416591
416801
417217
417419
417634
417816
417871
417949
418094
418135
418416
418849
419472
419624
419880
420210
422787
423321
423709
424482
428209
429094
430440
430804
434096
434196
434633
434677
434734
435159
435548
436329
436671
436724
436774
437905
438661
439313
439437
439877
440212
441641
442037
443103
443806
443880
444004
444193
445305
446862
447755
448003
450263
450270
450293
450300
451003
451124
451157
451297
451370
452376
453707
453729
454100
455176
455184
455299
455687
457662
457768
458116
458418
458723
459683
461852
462238
462550
462959
465633
465892
466130
466508
467317
468727
468910
469896
470310
471240
471241
471323
474163
476601
477162
477519
478574
480808
480820
480936
481482
481532
481817
482250
482344
482467
482488
482650
482766
482796
483422
483432
483508
483560
483989
484402
484517
485652
487577
488490
488515
488789
489486
490354
494658
494690
494697
494710
494999
495187
496005
496013
611592
621316
638471
646911
500011
500027
500028
500098
500113
500600
500661
500666
500697
500712
500764
500773
500795
500798
500806
500814
500820
500875
500894
500932
501038
501082
501084
501151
501189
501212
501359
501524
501602
501623
501709
501881
501888
501915
502223
503394
503396
503399
503422
503450
503634
503994
504264
504445
505136
505149
505610
505611
505620
505754
505767
505996
506184
506396
506470
506474
506495
506555
506575
506577
507090
507176
507697
509524
509739
510748
510759
511188
511189
511205
511266
511299
511353
511413
511435
511453
511551
511729
511733
511736
511749
511772
512021
512028
512233
513309
513322
514261
514276
514448
514606
514941
515019
515182
515193
515509
515545
515577
515600
515734
515864
515981
515983
516204
516320
516804
516806
516844
516851
517697
517706
517729
517925
517946
517947
518241
518391
518633
518798
518808
518811
518821
518823
518831
518927
519320
519466
519518
519528
519660
519956
519957
520013
520017
520827
522197
522264
522435
522446
522447
523367
525630
525638
526225
526231
527099
527204
527495
527976
529198
529571
530301
530308
530363
530413
530822
530965
531233
531406
532151
533623
535252
535295
535976
536049
537138
537812
537867
538614
538626
539796
539912
539990
540636
540804
540915
541550
541555
541573
541922
541972
542267
542359
542426
542522
542645
542853
542854
544365
544458
547575
547594
547645
548348
549612
549655
550002
550108
550257
550747
550889
550908
552016
552029
553646
553796
553821
553982
554108
554297
554518
554564
554579
554602
554692
554719
554835
555903
555961
556338
556339
556751
557745
559169
559761
561557
562009
562417
562798
562803
562819
562822
563009
563168
564010
564527
564649
565239
565266
565820
565836
565856
566290
566308
566309
566418
566454
566458
566918
567059
567261
567374
567619
567698
567699
567997
568007
568376
568781
568907
568922
569478
570948
571114
571235
572006
572216
572706
572709
574322
576429
576572
578074
579177
579810
580379
583126
584690
584691
587513
588800
591177
592031
593094
593264
593403
593614
593776
594704
594707
594821
594970
595019
595027
595036
595679
596090
597704
597885
597898
597964
598157
598642
598888
599107
599833
600013
600231
600232
600251
600902
601336
601478
601533
601560
602546
602745
602844
603650
603665
603748
604002
604308
604318
604473
604474
604620
604662
604851
604863
606022
606282
608227
608317
608557
610757
611433
611610
611989
612801
612928
613123
613246
613973
614244
615066
615298
615676
615763
615764
616216
616243
616558
616732
616796
616976
617010
617786
617830
617844
618114
618118
618206
618319
618333
618349
618423
618431
618458
619323
619390
619571
620051
621097
624311
625411
625414
625444
625945
625948
626324
626412
626769
627463
628276
628412
628618
628619
628871
628935
629118
630898
631343
631697
632165
633629
634007
634271
634478
634693
635118
635185
635235
635274
638531
639013
639299
639301
639515
639586
639773
640141
640835
640837
642664
642673
645209
645254
645256
645458
645513
645585
645602
646408
646455
648876
649154
650282
651058
651825
651877
652293
652598
652727
653916
653926
653970
654554
656033
656100
656352
656442
656469
656995
657014
657230
657603
658036
658198
658240
659607
662721
663537
663707
665972
667279
667905
668708
670056
670352
670491
670513
671736
675280
675316
676332
676334
676385
677559
677782
677786
677963
678486
679649
684310
684322
685946
686403
686407
688282
688798
689732
690160
690178
690184
690803
691178
691637
691642
691760
692440
692475
693884
693941
693961
693963
694237
695250
695253
695358
695510
696057
696598
699756
700396
700949
702922
702928
702934
703218
703225
703748
704355
704356
705128
705145
706758
707835
707846
707848
708656
709281
709304
709585
709768
709793
710976
711250
711252
711532
711557
712944
713704
714072
714108
714541
714544
714661
714773
714777
715667
716024
717660
717710
718477
720496
721070
721372
721425
721723
722208
722282
722343
722372
723086
723262
723292
723475
723717
723807
724008
724323
725272
725291
725864
725870
727490
727800
728717
728874
729952
730796
731260
731306
731321
732283
732284
732285
732327
732422
732443
732477
732547
732575
732760
732796
732801
732868
732903
733242
733303
734075
734106
734656
735206
736876
736894
738261
739327
739498
739516
739524
740015
740169
740591
740613
740635
740705
740734
740739
740769
740790
740843
740854
740855
740900
741127
741600
741629
742154
742157
742193
101955
