500011 2190.48 0.0379449850741
500113 2331.68 0.0511494415863
500661 2032.52 0.0408396440257
500773 2096.82 0.0307903919307
500806 2400.84 0.0195274527343
500875 2251.3 0.0944647009708
500932 2143.24 0.0377894752744
500712 2030.98 0.0212842364976
501038 2191.72 0.0310460356469
501084 2196.3 0.0245469258645
501212 2359.46 0.0341051007997
20425 2182.98 0.099502573351
137108 2343.56 0.0133810124182
501881 2217.6 0.0431328956066
152637 2412.3 0.0230651891637
53429 2190.8 0.0800779337986
503450 2063.1 0.0595584942768
505149 2187.48 0.0465159777202
505611 2362.18 0.0454538060236
505767 2132.56 0.0596364877729
443806 2074.2 0.0903068505746
503422 2298.24 0.0488259380806
505136 2258.8 0.0188029425067
505620 2331.36 0.0463318014787
506495 2105.32 0.0475675066677
506555 2364.06 0.0380483630716
506575 2101.52 0.0486776396587
506577 2062.84 0.0314404713543
504445 2046.76 0.0727875508122
163067 2245.06 0.0274575609315
509524 2050.66 0.0703516070694
467317 2115.48 0.045407478346
505754 2080.48 0.0343665066153
510759 2081.68 0.0388051803267
221980 2038.8 0.0819429428019
162979 2143.9 0.0230118066893
501151 2296.92 0.0274441846482
162687 2367.48 0.0209970245314
162922 2275.62 0.0225499196611
506396 2349.22 0.0668397305766
501915 2397.68 0.0339093005416
208115 2391.26 0.0110817378309
511772 2172.98 0.0604914767747
8566 2051.54 0.0134664358964
507090 2330.74 0.299887133806
507176 2364.36 0.0955945652223
512028 2410.52 0.013172405346
68347 2022.74 0.0272414061339
175729 2294.36 0.0258393286652
511189 2120.72 0.0528984876778
501602 2046.06 0.0481249135441
163026 2256.9 0.331177124384
511733 2308.06 0.0187139525141
363344 2405.06 0.175389506041
513322 2119.6 0.0389958015249
501359 2314.3 0.0100580195621
85640 2376.48 0.0184447497043
507697 2330.72 0.00880744775993
505996 2151.86 0.0250471491495
514606 2124.52 0.0528457234563
138727 2205.42 0.0699078718996
196625 2106.6 0.0101937178987
511353 2262.88 0.0754448575556
511729 2293.44 0.0622161790981
38071 2395.36 0.0497968932025
511188 2356.74 0.726523953187
363084 2095.86 0.0691136342162
509739 2204.56 0.0109841069246
503994 2184.84 0.038170924043
511435 2305.32 0.0400404280545
141614 2267.08 0.0479866720009
514276 2272.0 0.0640450335429
172678 2330.34 0.0661529589078
162567 2276.24 0.0104690317736
515545 2041.94 0.0417829098084
515600 2297.18 0.0590206771391
503396 2392.18 0.0515184369692
168318 2319.44 0.0841910943683
511736 2126.62 0.108609485929
180186 2091.0 0.0963279397165
515864 2084.9 0.0972436801452
515983 2312.6 0.273962255621
511749 2253.36 0.0655483726267
516804 2165.06 0.0391819335009
516851 2257.16 0.0445833017043
517697 2032.02 0.0769721903825
516806 2182.92 0.031371941467
517925 2302.08 0.0151524411202
231937 2125.82 0.102056188763
513309 2194.26 0.0409043504601
519660 2048.88 0.0559970507885
307005 2412.74 0.0486513326156
518823 2075.76 0.045174193486
516320 2251.44 0.0265910558845
368203 2182.06 0.0630557386622
519518 2317.84 0.0850239583093
137120 2081.5 0.0152414459591
366746 2034.56 0.0262391549057
155338 2390.16 0.263959065681
230111 2168.92 0.0478683196709
518811 2369.26 0.0868627964785
7482 2379.42 0.0210948007266
519528 2044.9 0.0540835140296
526231 2078.34 0.0410582031212
527204 2418.58 0.0462790130508
501082 2110.26 0.0454938699604
530363 2329.7 0.0240753449137
529198 2067.26 0.0261236140106
520013 2130.58 0.56303862253
515981 2136.04 0.0553844124508
452376 2265.26 0.0621325188252
503399 2043.2 0.0955056091908
530965 2097.56 0.0555229203977
517946 2335.08 0.0304592175038
501189 2051.62 0.0747821049688
162421 2032.32 0.0375923832523
517947 2155.62 0.0555276624053
500600 2111.5 0.0588897483158
518241 2165.44 0.0846878583541
522446 2235.58 0.00946950735486
527976 2190.42 0.059125938894
515019 2096.28 0.0574721839863
179806 2205.42 0.0105577281025
483432 2327.86 0.00835618678142
141525 2145.6 0.0387147006257
522435 2365.4 0.0441975339957
510748 2162.08 0.0281625634277
522264 2411.1 0.0103442685287
164121 2321.66 0.0155142561928
530413 2097.56 0.0580715353343
89959 2047.02 0.0235582886376
525630 2069.1 0.0632283280205
516204 2423.36 0.305551941275
522447 2407.68 0.0207049942854
152561 2030.92 0.0604976795367
515577 2172.28 0.00912354973516
535295 2113.6 0.0200301142341
569478 2159.88 0.0577572106863
523367 2212.06 0.43790077344
535976 2333.28 0.0428430372636
522197 2350.92 0.185621626004
531233 2167.58 0.0731452666626
519320 2069.42 0.0734103326825
517706 2386.08 0.0370820554482
518808 2104.42 0.0507426361979
494658 2095.96 0.0540734455262
530301 2276.32 0.0654648827676
518927 2374.2 0.0306478768905
536049 2377.28 0.204379113986
469896 2417.68 0.0134339010708
518821 2034.98 0.0182252627978
539796 2212.7 0.0477696934314
539912 2254.56 0.0375129211392
450270 2328.3 0.0183060795308
537812 2415.14 0.0384689819149
541555 2181.92 0.0251374149212
541573 2326.02 0.0162392698451
192563 2312.88 0.0392609684143
533623 2409.6 0.0268122244689
374855 2311.38 0.0237638498364
199003 2209.24 0.0291133133912
297300 2102.26 0.0640723448167
529571 2283.1 0.0450357277806
538614 2339.88 0.111145197626
537138 2292.66 0.0259672288468
502223 2346.2 0.00840160184212
542267 2420.78 0.0586792794941
511453 2116.04 0.0555055539668
542426 2384.72 0.0294698430283
264993 2169.14 0.0425935269895
504264 2243.06 0.058895419584
542359 2412.22 0.0318166319719
100085 2121.38 0.0336528473774
531406 2347.86 0.0274208708229
520827 2041.6 0.0695459338375
415713 2255.36 0.0107283297143
228368 2347.78 0.0436505186023
480936 2194.02 0.0222547270268
53550 2157.72 0.0447957714216
31669 2162.94 0.0251717320128
506184 2238.78 0.0552346022839
511266 2090.42 0.0383289771758
540804 2067.88 0.0437140747874
517729 2166.84 0.05640983637
518391 2047.14 0.0441461996989
216985 2115.0 0.00757625748207
242450 2379.9 0.0446388334235
544365 2231.58 0.0743490615923
143992 2073.1 0.0522615036817
356991 2101.5 0.0758492090677
541972 2242.22 0.0193118709991
547575 2309.86 0.201971767821
547594 2291.6 0.0361498725936
331876 2279.56 0.0113107637773
549612 2034.1 0.0620251065089
549655 2234.7 0.0879570247387
541922 2079.68 0.0210072429474
417871 2158.04 0.0295118244954
85938 2370.78 0.0146676639275
532151 2257.16 0.087649803143
144900 2038.86 0.0600148692295
450293 2048.88 0.0427288235335
357594 2277.98 0.046069772854
387668 2189.24 0.0189745816816
390725 2417.14 0.0407699082683
542645 2343.1 0.105964475143
494690 2174.24 0.0272032584755
138127 2202.48 0.0111163982538
154302 2217.4 0.0571469030512
428209 2342.88 0.348221715232
538626 2055.66 0.034458661791
247360 2083.28 0.0888877611847
511205 2247.58 0.0393144833211
542854 2276.26 0.0871930439795
363790 2145.16 0.0441060526396
357028 2050.14 0.0174077877884
136795 2305.98 0.0397372462014
489486 2192.8 0.0523044622899
358471 2315.16 0.0271136524048
519957 2377.02 0.125719190702
512233 2245.82 0.0930991340523
163899 2340.0 0.0111462825674
385252 2315.1 0.0268595757924
462238 2038.24 0.056562166796
540915 2082.5 0.0269124224619
417949 2025.62 0.0514840613348
162998 2257.54 0.144909812469
444193 2140.2 0.0550277529864
399774 2183.9 0.0184034970728
501888 2358.4 0.060440280606
554692 2086.82 0.0345079702849
554719 2182.2 0.0844977952718
552016 2384.4 0.0279476800077
554518 2146.26 0.0296965086022
252399 2261.24 0.0253184826458
501623 2262.96 0.0220408226183
434196 2271.0 0.0435880228956
488789 2201.32 0.0385067506079
556751 2379.12 0.0302779872693
514261 2179.56 0.304372073585
555903 2137.12 0.0157559459833
302831 2160.82 0.0388248397992
455176 2408.04 0.0339304686131
363067 2149.92 0.0950884218515
535252 2219.74 0.0670606309929
556338 2155.04 0.0450794361656
562417 2278.98 0.0353566379664
35107 2309.16 0.0134343063122
348314 2180.24 0.068677508831
311044 2085.76 0.0375807196548
537867 2053.9 0.0398544799477
559169 2310.6 0.0862146860168
562798 2297.04 0.0809112808701
563009 2240.64 0.0571317083625
4953 2170.3 0.0223003204461
550747 2284.54 0.0148649010976
555961 2280.24 0.113481239445
564010 2378.9 0.0302463237474
526225 2079.24 0.0573676200905
554108 2396.12 0.0487436608899
566290 2372.12 0.0654316762534
530822 2246.58 0.0572086951014
515193 2020.2 0.0203607948419
550889 2055.84 0.189621496813
565856 2340.18 0.0255522827955
461852 2091.56 0.0075302316929
153311 2210.8 0.0359297329811
418135 2251.82 0.0278718680125
27002 2283.06 0.0118243484507
301844 2398.44 0.0278330957149
437905 2251.92 0.045372688869
52760 2251.14 0.0201227147337
565239 2263.36 0.0492806314298
565266 2301.88 0.258520503872
567059 2195.36 0.050385459696
163132 2291.5 0.0591534921496
139211 2094.34 0.0577929177382
10115 2304.84 0.0352620376878
564649 2185.66 0.0448542756345
162783 2358.6 0.0399845981313
547645 2373.86 0.036003509206
141593 2107.42 0.0198126050956
450263 2267.7 0.0907770879396
542522 2081.86 0.0101352148466
143649 2377.62 0.0502478059004
279816 2059.56 0.0555557712682
567374 2168.32 0.0397353885632
292220 2132.58 0.0084412193716
137427 2140.56 0.0543545904078
505610 2283.0 0.02130113983
511299 2131.12 0.0689949115411
7753 2075.36 0.0189995991733
367248 2395.58 0.0179277172635
566918 2085.74 0.429776423001
567698 2044.56 0.0401236139217
417634 2411.64 0.092517401554
550908 2102.6 0.0357245853029
568007 2130.2 0.0276424188106
242216 2369.98 0.0450651817882
550257 2152.32 0.0427441000064
554835 2114.58 0.0322482671746
568781 2401.68 0.0286654304717
568376 2056.94 0.0275976420333
417419 2086.8 0.188527544216
565836 2111.9 0.0314748812799
562803 2083.82 0.0602112071518
566309 2323.52 0.0447806418827
553821 2077.78 0.0488158584276
13651 2207.8 0.05333153875
571114 2419.44 0.046231306122
506474 2250.92 0.188987340683
571235 2090.0 0.0337477810688
446862 2181.72 0.0500921422684
525638 2037.04 0.034225311404
500697 2100.76 0.0466222149555
500814 2057.44 0.0304667448592
557745 2105.64 0.0490739372737
568907 2153.96 0.0511187420193
197588 2107.1 0.0733003658164
554297 2368.14 0.121569975978
451124 2139.98 0.0819062137929
444004 2219.16 0.0552057612018
572706 2308.5 0.0021677937016
200840 2136.7 0.0519073994073
164216 2332.68 0.0110048023142
423321 2332.62 0.0429833631236
518831 2175.64 0.0229183151089
86039 2209.36 0.104548181079
566458 2292.98 0.0552177762104
503394 2096.84 0.0256499963932
68548 2029.78 0.0168189168541
439877 2044.42 0.0825658783025
494697 2173.8 0.0654511267731
500894 2330.34 0.0229621202806
359170 2282.7 0.0940882357833
515182 2326.48 0.0379134521767
325395 2303.12 0.118366167702
417217 2063.66 0.0420800121319
579177 2326.94 0.032725038077
89136 2394.46 0.0625090669068
330233 2315.28 0.0211534987568
481482 2095.34 0.257911530772
570948 2242.54 0.0381310144945
567699 2053.42 0.0881422353046
506470 2093.58 0.0245462190052
567997 2131.54 0.038848332407
289315 2260.04 0.033229386613
435548 2340.06 0.0753364242846
572216 2059.08 0.0614389212701
260141 2044.8 0.0376210740233
519466 2195.34 0.0163841788493
405762 2205.46 0.057260423165
503634 2304.56 0.0250932726011
584690 2219.44 0.108667024745
333521 2132.54 0.0239038367261
26663 2402.04 0.0188373844115
267337 2132.38 0.0197513849789
139622 2123.62 0.065062453394
162510 2100.22 0.0294382552225
22753 2349.06 0.0392482873201
369057 2302.32 0.02407317258
559761 2199.3 0.0352771751346
357022 2122.7 0.0529356045829
566308 2263.28 0.0602056992667
374851 2076.68 0.0336485476414
163243 2194.74 0.0121320356712
385343 2267.82 0.0157450698173
455299 2178.18 0.02706085918
568922 2044.58 0.0841888033708
53319 2315.04 0.034208519695
350523 2024.94 0.294768416072
562009 2414.08 0.163270809278
500666 2207.1 0.0133005622025
354182 2113.04 0.00867348515605
583126 2126.48 0.0372712297408
514941 2263.4 0.0255698397614
594821 2024.62 0.04605216687
595027 2029.56 0.134588710412
162000 2412.44 0.0147095553846
501709 2175.92 0.0352947845649
595019 2316.18 0.0577335783437
595036 2040.92 0.0559315393426
90403 2199.9 0.0259797276413
162422 2340.64 0.03417727879
593094 2310.76 0.0736421563189
593264 2020.22 0.0457778871598
216115 2270.62 0.0370795861034
385605 2055.48 0.0231532579566
476601 2041.24 0.029803346649
86819 2400.68 0.0252303212423
597898 2067.38 0.0297200416218
101955 2104.7 0.0123810834219
263976 2108.44 0.0641013747972
434096 2346.18 0.0443249530544
597704 2212.64 0.0338865845764
67367 2147.2 0.0882032150097
435159 2140.88 0.0486744282777
448003 2054.18 0.0169158194516
410627 2408.08 0.0308619421739
600251 2091.3 0.0746456627629
600231 2102.68 0.0334268210232
162474 2225.88 0.0361106874002
308635 2245.46 0.0131512418218
591177 2363.06 0.0331089076916
68950 2080.74 0.0186413853227
594704 2190.54 0.025443610043
68216 2087.04 0.0125075930146
511413 2355.38 0.0583675835098
413989 2199.66 0.0524833370647
363116 2227.24 0.0241166745995
601560 2418.94 0.033351292006
601478 2394.84 0.04264807133
601533 2270.32 0.037236323321
600902 2247.88 0.0141135414433
217430 2350.04 0.0184639972688
411165 2330.82 0.0362828949531
579810 2401.08 0.0519963602487
230549 2085.34 0.0425056925141
140288 2157.3 0.0485494465772
602745 2274.38 0.0218443606858
85774 2072.42 0.0902750720311
451297 2033.46 0.0318765408303
401856 2209.18 0.0953377516199
604308 2359.16 0.0154224288732
603650 2175.1 0.0287763327117
603665 2146.58 0.0149169933854
561557 2353.16 0.0274436933319
416195 2142.6 0.10557826573
443880 2031.82 0.0477725931593
39572 2359.3 0.0462205097872
594707 2307.44 0.239192110384
206378 2173.48 0.0617627872379
580379 2065.1 0.0325569116748
563168 2064.62 0.0305566729619
527495 2178.74 0.0445112493514
374038 2121.14 0.0205146674716
194006 2169.58 0.0249108424219
541550 2394.66 0.0283158467773
542853 2094.32 0.01095438208
136618 2313.34 0.275021195334
423709 2317.0 0.0192056115547
565820 2206.42 0.0632270279925
604662 2042.0 0.0401374060096
29075 2344.14 0.02841405885
572709 2368.44 0.026652058108
153814 2089.8 0.0784328061204
434633 2160.42 0.200562633006
429094 2269.46 0.0499265898993
382745 2388.64 0.0383508023214
53789 2169.64 0.0797698014479
89830 2331.94 0.034016546397
600232 2267.52 0.145858178058
153958 2203.88 0.0258298773806
552029 2093.84 0.0125328525733
588800 2138.36 0.0540180141526
377732 2235.84 0.182433428202
544458 2049.7 0.0395936855885
368565 2052.08 0.0374675077303
455687 2069.12 0.26010791127
501524 2020.84 0.0253372647825
143651 2394.5 0.0127800009891
375103 2062.04 0.0250553204791
566454 2186.96 0.0805386594995
587513 2134.04 0.0890015424958
553982 2412.32 0.00387506198931
608557 2253.76 0.0828068236235
9856 2306.26 0.0183579649622
349068 2065.18 0.0226117884337
458116 2084.48 0.010237302972
624311 2099.58 0.0398619122155
441641 2260.74 0.0329779047334
564527 2103.58 0.0431673621716
462550 2239.86 0.0312367185967
578074 2167.08 0.104720886594
611989 2333.0 0.0630608948431
611433 2120.56 0.0994377054562
171839 2373.8 0.0507964452176
269690 2204.46 0.0232850241504
554564 2153.44 0.0313845206297
514448 2036.04 0.0419833461188
163051 2368.92 0.0162904867601
365424 2176.12 0.238284453465
611592 2214.94 0.0174328663963
365071 2024.44 0.147710207335
177614 2284.48 0.0133854226151
53426 2191.88 0.0193238173787
620051 2047.06 0.0227040598615
440212 2135.2 0.0249235051549
363305 2204.88 0.182226049955
612928 2187.12 0.0201624466672
567261 2376.74 0.0322033003135
111253 2292.42 0.0387704238321
23187 2116.94 0.0268687739565
584691 2230.38 0.00454394859424
604620 2142.04 0.0606510302603
162082 2211.0 0.0530710389874
556339 2057.4 0.0722064685703
511551 2313.74 0.0340064704483
604851 2245.32 0.0644368028164
615066 2356.36 0.043720450516
500798 2140.08 0.172508104329
500764 2026.0 0.0259073024695
212546 2302.3 0.15029210119
333578 2200.16 0.163894744453
599833 2411.3 0.103746332937
235756 2174.56 0.0485311431418
615298 2152.36 0.0442665343478
138175 2327.52 0.0196232519682
488515 2277.56 0.0180945021838
483989 2412.18 0.0855477916609
159857 2074.34 0.0411276098209
244977 2070.36 0.0144639216135
471323 2318.88 0.0258941517111
430804 2359.16 0.0458869955459
604474 2279.56 0.0130492566112
566418 2171.16 0.0200072528576
550002 2178.22 0.0261935707332
7341 2354.9 0.0526902788825
434677 2165.9 0.0459464229994
603748 2103.38 0.0779611979179
361754 2095.96 0.166391467231
606282 2098.9 0.0663496640263
430440 2097.58 0.0398109198511
606022 2027.98 0.0152614830228
377097 2203.34 0.0365069997109
85990 2297.74 0.0309624180299
68346 2112.68 0.0407864706659
617830 2098.0 0.0220262302806
617844 2373.4 0.064499988167
185851 2327.94 0.0147592555408
512021 2117.54 0.0996402191816
601336 2345.62 0.0403231090067
163683 2183.02 0.0330092875691
250706 2228.84 0.11771581238
515734 2160.6 0.0636537013525
419624 2271.5 0.0290189249007
616558 2264.04 0.0117004250054
267131 2271.22 0.0590299554426
265196 2394.2 0.0734460658788
613973 2240.86 0.0312738890641
417816 2307.24 0.0218194167581
424482 2380.78 0.0348182905253
90416 2145.42 0.0300014112735
103067 2233.34 0.104948778936
613246 2174.4 0.0335404985461
382825 2185.14 0.0221839833229
187040 2273.72 0.0356543101219
616976 2079.02 0.0298405704451
608317 2288.7 0.159407938825
593403 2378.62 0.0910110403622
616732 2256.26 0.0498449839245
618118 2291.3 0.0480447597268
598888 2029.86 0.068676444104
304330 2116.08 0.0313597014307
617786 2380.62 0.0451179540354
85236 2083.2 0.00539056331152
85713 2404.28 0.0522938598698
162162 2184.78 0.011470714598
500098 2368.06 0.110355091509
385186 2276.62 0.0524195955006
35396 2353.62 0.00858560530392
7822 2095.78 0.0463731384156
243566 2067.78 0.0685020175265
618423 2366.64 0.0222081814802
311066 2234.26 0.14610889793
554579 2262.88 0.0508934595692
138095 2151.04 0.0610649919984
391211 2173.26 0.0957212799453
483560 2371.0 0.00788685333128
619571 2153.8 0.0449049398377
539990 2106.34 0.120665821493
415745 2237.16 0.0198492398839
567619 2287.9 0.0355962773791
366774 2037.18 0.0570227452111
152978 2388.6 0.0213409072961
152560 2335.96 0.0397113304847
267720 2245.66 0.0321635372536
574322 2310.08 0.047215987855
418416 2165.84 0.0199177712772
602844 2264.44 0.0557947349067
625444 2317.84 0.042296992778
422787 2198.12 0.0290644703332
500027 2024.24 0.0231457978116
576572 2124.34 0.0480657052364
625945 2250.38 0.0896772075345
611610 2146.12 0.0367593475286
136849 2032.24 0.0300618106798
626324 2265.46 0.0601402363005
625948 2365.84 0.223844905691
602546 2039.84 0.0185157840649
628412 2045.52 0.0467434795826
496005 2409.54 0.0676691353469
621316 2340.96 0.041139119833
490354 2419.1 0.0130187148235
483422 2386.86 0.0643512901361
519956 2243.26 0.0394875772544
628618 2408.82 0.0402157408141
621097 2148.46 0.0510264358827
619323 2067.3 0.0261281344585
610757 2073.38 0.0571526684888
628871 2082.36 0.1118881426
481817 2373.42 0.0183650902818
613123 2254.34 0.0169148558284
436329 2385.52 0.0440112338485
480808 2412.74 0.0264493225578
416591 2046.42 0.0585688378232
416801 2223.88 0.00400461812129
144332 2251.22 0.0326693992855
451157 2064.92 0.0393200435715
445305 2213.84 0.0108428514539
458418 2096.66 0.0602386645155
562819 2169.7 0.0193201260465
616216 2191.82 0.0662567088465
630898 2353.88 0.0647319484418
250620 2290.64 0.094598502815
418849 2342.46 0.0329770532503
457768 2040.62 0.00894251472796
628619 2260.4 0.0231412901453
593776 2179.64 0.0728851866227
163249 2390.0 0.028568111523
619390 2168.72 0.117283726254
604473 2411.34 0.112022476782
164207 2202.66 0.0144502067551
650282 2361.22 0.0342895568045
595679 2157.9 0.107351418751
455184 2124.84 0.0411214767012
634478 2127.3 0.0171224228893
7335 2190.92 0.0487698296827
275677 2031.4 0.0162917415037
527099 2080.34 0.0424069126924
390929 2064.38 0.10523459319
635235 2021.66 0.0456330551429
628935 2341.52 0.0364995326415
451003 2103.04 0.0973009394174
494999 2067.08 0.0321216630757
616243 2203.34 0.0364164170147
617010 2118.12 0.0169624998507
317255 2326.5 0.0531762213055
628276 2351.0 0.0270288778973
638531 2054.86 0.0505335775508
562822 2201.28 0.0375019095776
618114 2095.1 0.102309311424
65690 2083.58 0.0592207985636
638471 2222.26 0.0389206204288
359369 2399.58 0.0487476590394
604002 2423.0 0.0276545737854
540636 2248.28 0.040125798449
635185 2302.74 0.046322572938
618333 2236.72 0.0823220833888
634271 2105.24 0.0816613256725
520017 2172.44 0.148929845989
554602 2169.0 0.0447330017102
631697 2138.48 0.0414589140863
208023 2077.56 0.0282064057826
482467 2138.3 0.098826912389
635274 2218.4 0.071688850062
412983 2382.46 0.0464534730763
634693 2245.36 0.0441930019911
500028 2267.02 0.0230861377834
592031 2413.42 0.00693890549529
409836 2367.38 0.0143145287257
634007 2399.74 0.0411837008844
466130 2205.5 0.0313173776151
635118 2337.28 0.0199387508789
604863 2092.08 0.0609441174034
599107 2054.04 0.0352226569831
639013 2269.08 0.0370915739737
378358 2211.52 0.06104852974
438661 2193.58 0.0964385899456
442037 2035.66 0.0688709398961
639773 2099.58 0.0726587587475
65717 2386.32 0.046529043685
173561 2092.78 0.0424861552379
640835 2080.02 0.0476904926654
348400 2390.78 0.0726224256174
171576 2330.0 0.0368968884829
640141 2144.0 0.0991075287759
615764 2250.7 0.057229282039
465633 2233.94 0.0375939738532
604318 2258.9 0.131444921345
494710 2221.28 0.0499520243737
618319 2365.04 0.0441246711679
251346 2253.56 0.0441806251634
642673 2257.56 0.0281740526697
226554 2197.88 0.0277556271965
639299 2111.3 0.0401502045378
615763 2267.76 0.0233670445651
414287 2389.3 0.11354239372
639515 2421.8 0.0397753065639
12538 2177.1 0.0351071283795
470310 2359.16 0.010273473803
572006 2030.08 0.113464352008
436671 2280.46 0.0135608319703
389694 2267.46 0.0363650225981
645602 2374.3 0.0886840432791
639301 2107.82 0.0494564689846
548348 2345.26 0.0121016411769
645458 2184.66 0.034752420045
645209 2138.22 0.0801142959977
415029 2056.26 0.0329087882764
310560 2414.48 0.0468061746632
618431 2299.28 0.0202320530196
143404 2415.44 0.0192886633197
632165 2124.22 0.0594626715112
645513 2405.3 0.233158670659
593614 2087.58 0.00680091750469
466508 2031.52 0.0230447405289
99248 2080.92 0.0705211308228
625411 2164.48 0.0486615070736
419472 2335.26 0.0153352604773
484517 2187.06 0.0569765731782
457662 2320.52 0.165808670638
419880 2294.8 0.0736313874242
608227 2060.82 0.0272853417184
465892 2300.1 0.0380200623955
482796 2396.72 0.0334177095728
646911 2386.62 0.0188244185231
349507 2028.98 0.0321586926034
550108 2043.96 0.0328034039505
382395 2075.58 0.0680775484212
597964 2268.34 0.853320186604
627463 2351.04 0.0462866165395
612801 2049.38 0.0403033423796
576429 2048.6 0.0370227214208
436774 2370.3 0.037246492225
471240 2076.54 0.525066613663
371660 2262.0 0.0334926407514
639586 2125.52 0.008857360442
474163 2033.42 0.0252676753946
631343 2362.56 0.167371418967
477519 2409.98 0.0703161335047
648876 2134.66 0.0699974416091
633629 2228.94 0.0352025666055
651877 2072.82 0.404953023438
414286 2330.9 0.0185345869378
434734 2192.74 0.120478258886
626412 2386.02 0.0243654092178
553646 2044.78 0.0378979142477
654554 2128.54 0.0211911685475
616796 2126.42 0.0705349641475
653916 2245.88 0.0657829343241
420210 2069.36 0.0675068420628
651058 2057.7 0.0130689505244
357439 2129.62 0.0165878930348
656352 2036.08 0.113354892508
363024 2292.86 0.0483391403603
656442 2165.8 0.173610044147
352102 2200.92 0.0789928307726
482344 2356.16 0.0798384140921
614244 2042.62 0.00909916356603
516844 2276.34 0.0280381136997
690184 2076.22 0.0574432372994
642664 2340.72 0.0211860128873
656469 2065.7 0.0379580213976
656033 2317.84 0.0583040888856
657603 2193.64 0.042811804425
657230 2239.24 0.123330134506
658036 2150.18 0.160955813397
450300 2260.28 0.0170148679414
646455 2271.48 0.0260167399733
658198 2064.76 0.514991435578
629118 2389.7 0.306169520974
649154 2150.38 0.03352604285
653926 2151.62 0.00209116368485
645585 2078.78 0.064874023312
646408 2394.6 0.0149017737803
662721 2345.04 0.0398169792389
656995 2039.66 0.0355927195556
651825 2407.08 0.0209307920909
652598 2342.76 0.0529467117953
659607 2409.42 0.0295384862315
159504 2104.54 0.081342484071
657014 2189.54 0.0239951725783
439313 2210.72 0.0330910585514
436724 2224.5 0.0165890952699
453707 2274.94 0.0440602642627
658240 2232.26 0.0507962855013
5189 2149.94 0.0497180364298
447755 2293.08 0.0272700396946
652293 2103.2 0.0418187157401
483508 2285.02 0.0200927530053
482488 2048.28 0.0860763242461
670352 2070.76 0.0466076566303
653970 2147.24 0.0113101559288
670491 2329.78 0.0712646440186
663537 2399.7 0.0176965735008
395207 2406.68 0.275943662288
380981 2234.3 0.0480809795212
668708 2023.14 0.0123836323586
458723 2252.92 0.074761732989
294739 2336.08 0.0768239386839
500795 2110.16 0.123371194828
618458 2369.6 0.0759667326245
665972 2145.56 0.0367321868021
480820 2306.48 0.0403039756226
482650 2113.92 0.0362033725075
695358 2079.98 0.0361842678793
488490 2281.96 0.071850316733
484402 2360.66 0.0228460747759
676385 2127.48 0.0897772813547
645254 2159.78 0.0500783825221
462959 2079.16 0.0335130777823
676334 2157.04 0.593330484991
453729 2358.2 0.0468913913369
667279 2144.04 0.401531938325
90075 2391.46 0.138533514049
598642 2267.18 0.0308576371772
676332 2302.22 0.0234381559284
597885 2183.08 0.0426576854266
478574 2417.96 0.0231231456168
451370 2228.54 0.0344531616523
596090 2088.1 0.0293698704332
439437 2182.94 0.0315954493707
677786 2392.72 0.0147805807672
677559 2093.42 0.0526451368946
598157 2082.92 0.0383489448207
685946 2345.54 0.0526085917815
684310 2367.02 0.0374528449099
679649 2030.32 0.0799589428651
459683 2218.96 0.0307348292563
468727 2026.36 0.0591532425945
645256 2267.9 0.0313875588036
500820 2407.12 0.104922024632
656100 2221.58 0.0231849098904
696598 2329.92 0.0646337025828
675280 2073.06 0.0608484136257
686403 2212.72 0.0395511120462
468910 2121.36 0.0479561437774
496013 2065.82 0.0191828294027
482766 2342.68 0.0241528666565
690160 2371.22 0.0206335054832
618349 2059.84 0.40352685882
443103 2372.6 0.019792746074
690803 2129.66 0.0131985380451
454100 2275.92 0.03150004258
640837 2024.44 0.0381629417878
693884 2318.44 0.010721513404
692440 2055.58 0.0368897315038
677963 2195.4 0.0359845304083
691760 2166.3 0.290929146061
688282 2332.6 0.0308198178532
692475 2412.62 0.0411868536222
518798 2260.46 0.155374999584
691642 2046.74 0.0420532484755
686407 2144.84 0.0534748021191
487577 2377.34 0.00660528546417
689732 2170.14 0.0344385608074
694237 2150.64 0.0340711086553
357024 2045.62 0.0852074192013
618206 2409.54 0.0367110467244
693941 2314.28 0.05832396617
691178 2258.16 0.071886092849
695510 2215.58 0.0863815610159
594970 2212.44 0.0255736515655
471241 2396.56 0.0677368480259
693961 2217.58 0.0551830940171
530308 2140.68 0.0736041080469
677782 2421.94 0.0138172158044
553796 2221.78 0.0779584911196
711252 2414.86 0.0453871502781
678486 2173.8 0.00692855697113
690178 2240.46 0.0177147118646
695253 2192.98 0.0206645226805
675316 2207.14 0.0485451449937
696057 2353.76 0.0388755051127
626769 2381.06 0.0615017361718
495187 2343.32 0.0874437182664
518633 2084.28 0.0627066842218
714773 2358.74 0.039489318334
704356 2246.98 0.55707645861
700396 2249.78 0.0689838433071
667905 2060.4 0.0319670854395
699756 2126.26 0.0548284263254
671736 2026.58 0.267428986826
700949 2224.66 0.0649702392329
693963 2030.26 0.051397277283
695250 2058.7 0.0177971943083
703225 2349.58 0.0743536162797
702934 2282.12 0.0413140097216
704355 2056.54 0.0444954821717
702928 2244.46 0.132039527773
703748 2419.88 0.118574857331
702922 2056.74 0.0490695942703
703218 2326.72 0.0831040061224
418094 2396.5 0.0219190655129
691637 2255.56 0.126846602925
706758 2240.56 0.0395518442572
707846 2270.04 0.061146510646
705145 2279.94 0.0622033289988
670056 2049.98 0.0431255745821
708656 2217.36 0.00796093114212
709304 2083.28 0.115314497507
709281 2422.74 0.0453714216917
192559 2290.2 0.0198181918233
482250 2276.5 0.0785549570818
709585 2141.28 0.0316824617867
714661 2294.4 0.0197779449182
625414 2267.56 0.0301973005617
707848 2379.78 0.0584930878703
709768 2261.36 0.0346001092187
707835 2143.78 0.028002410367
709793 2033.08 0.041613718895
710976 2159.18 0.0811375271695
711557 2070.6 0.0561752274702
722343 2255.86 0.0336243494897
515509 2241.52 0.120071386289
713704 2074.56 0.0424144889682
714108 2263.02 0.0870973817388
615676 2255.64 0.262678331422
714541 2415.78 0.0133736823421
711532 2335.32 0.0340150662058
714072 2397.68 0.0301884048677
714544 2127.32 0.0592133002781
684322 2086.76 0.138840451817
715667 2169.58 0.101064453464
716024 2085.02 0.0098776842444
721070 2386.98 0.0506444335884
718477 2357.3 0.0251201224811
717660 2318.64 0.0468639305693
265482 2058.8 0.0292118005651
721372 2086.14 0.0106598539048
722282 2036.0 0.127265842633
652727 2138.26 0.0594176947076
722208 2128.58 0.0272554041302
720496 2275.92 0.0485767322969
722372 2271.5 0.143594972345
721425 2261.14 0.136139154026
485652 2227.4 0.0453154072492
723292 2255.08 0.0840211695855
723717 2266.4 0.0275083964622
712944 2220.08 0.0291176231312
723262 2153.12 0.0470039894753
721723 2217.38 0.0289783591755
670513 2391.94 0.0656699988257
688798 2090.96 0.0104199522659
724323 2171.98 0.0464654335131
723807 2088.2 0.158262935908
711250 2133.56 0.0335727485855
723475 2090.3 0.0432528649424
725291 2028.86 0.0497964329344
725864 2389.44 0.0401468043659
725272 2380.48 0.0345552858686
723086 2380.28 0.0179966772932
727800 2080.18 0.0685987329412
728717 2402.68 0.028826503056
735206 2392.2 0.0452417858992
728874 2363.98 0.0765048232461
727490 2114.64 0.0214144655072
714777 2313.36 0.0389769283646
724008 2371.46 0.0525268358313
725870 2319.06 0.0519227880077
729952 2311.08 0.0278269371146
731321 2181.68 0.0112154377661
600013 2341.6 0.0608931712268
739498 2201.04 0.214466342404
731260 2275.16 0.0125856116612
732283 2189.94 0.0379394347365
732285 2129.38 0.071311615063
732477 2361.58 0.0306959174971
732422 2359.56 0.0391461911709
732796 2110.66 0.0163223837563
732801 2399.8 0.0230732695784
732547 2077.42 0.0409124920777
731306 2251.56 0.0692095335189
732327 2146.36 0.0700011573757
732443 2234.26 0.0626538153663
732575 2284.54 0.0457155975362
732868 2244.32 0.0348162736135
732903 2253.4 0.0736014716831
717710 2304.5 0.0218948492122
734656 2156.06 0.121451703089
733303 2302.78 0.026134745513
732760 2208.72 0.0462101694787
734106 2254.48 0.0652440040969
705128 2029.08 0.0401844946217
733242 2356.74 0.0534394995322
734075 2201.5 0.0198549754109
736876 2289.42 0.374946512203
736894 2170.06 0.0163269893717
738261 2126.34 0.00942611195746
739327 2208.54 0.0834014184838
732284 2053.86 0.0759171819445
739516 2372.86 0.0486787409269
740015 2032.46 0.0276132615553
739524 2073.88 0.151548113705
740169 2401.34 0.0439635278509
740739 2263.04 0.0118484460243
740613 2295.18 0.0572203635956
740635 2026.72 0.0967637617925
740705 2314.48 0.050717241893
740591 2215.7 0.0441889396318
740734 2034.14 0.0628154599583
477162 2216.76 0.0641661859277
740843 2294.34 0.036385633139
740855 2081.86 0.0666766284097
740769 2081.82 0.0870036571593
481532 2071.94 0.0654901718338
740854 2040.58 0.0621126941365
663707 2193.6 0.0461641664786
730796 2062.56 0.00773366143568
741600 2110.58 0.0344480604454
741127 2395.88 0.0332003302868
740900 2168.22 0.0498003990332
741629 2203.02 0.0217622201792
740790 2307.02 0.0375616339978
742154 2308.32 0.0525567887104
742157 2330.82 0.0191821343534
742193 2145.94 0.0529226283217
