500450 2388.98 0.0607692048668
500584 2031.56 0.0677867001034
500675 2214.62 0.0190962740493
500711 2292.5 0.0833819176466
501065 2172.04 0.0436944317857
501106 2325.7 0.052798778192
501214 2224.82 0.0403620076568
501516 2148.08 0.0674290655814
501537 2340.0 0.0389520408275
501604 2288.98 0.0371226260256
152680 2127.58 0.0476313856015
501811 2196.82 0.0429738192038
501842 2199.82 0.0750768663879
502033 2045.34 0.0161219282067
502424 2178.68 0.0424087343363
162416 2420.14 0.0107702643258
502549 2316.66 0.0322626678551
503390 2366.8 0.0380147645728
503429 2270.72 0.034156560447
505134 2020.94 0.104054907116
505542 2086.28 0.153185043841
505619 2343.96 0.0398640135576
505530 2152.16 0.0237086622884
505609 2266.24 0.0279276957422
505968 2188.98 0.0325194877143
506016 2176.4 0.0552106392835
506169 2110.16 0.0613358709348
506371 2130.82 0.0542522611605
506391 2080.68 0.0695078465548
506469 2025.66 0.100466009489
505536 2375.4 0.0251498847613
234145 2150.44 0.0223051883453
506570 2216.0 0.0881980742505
154019 2031.36 0.0378978115864
504246 2364.84 0.0376922837895
505775 2399.7 0.0389667430311
507620 2095.9 0.0621000570787
506181 2284.34 0.0179236408008
162695 2247.8 0.0622937516754
162039 2327.14 0.0318316615653
502541 2048.14 0.019983662425
506108 2313.76 0.0223480772721
511204 2322.62 0.0306028249129
501587 2358.42 0.101339836675
511301 2186.66 0.0665436998031
505626 2174.42 0.0356262086517
511544 2293.06 0.079477796869
67381 2076.98 0.030594504045
511573 2317.4 0.0369295960409
501523 2236.7 0.0314786545425
500752 2202.0 0.0432006346167
506115 2154.46 0.0734036362275
510481 2023.22 0.0409841722635
101869 2374.98 0.010852405047
513323 2135.22 0.017783600331
514307 2077.32 0.0792564802324
514553 2407.78 0.065154618902
500034 2045.78 0.0557629477402
514656 2108.96 0.132709091967
512237 2061.48 0.0389807787938
515240 2284.26 0.0285517381707
502423 2161.08 0.0160785647268
515327 2157.92 0.0595504255396
515324 2047.74 0.049332417172
515210 2235.22 0.036644993401
515407 2409.52 0.110249626662
515412 2140.62 0.0278578070061
515436 2131.88 0.0331933253929
500017 2177.26 0.036706980545
515527 2212.56 0.0489765567695
501912 2288.52 0.0353637140379
506017 2022.54 0.0560527523648
515558 2154.6 0.0753296167857
506390 2110.26 0.0104502891487
515880 2076.08 0.0511729115413
516129 2135.66 0.0295586410355
515980 2169.54 0.0488295120546
516694 2419.48 0.138343033211
513495 2193.3 0.0277339641141
515670 2030.74 0.103924864607
517964 2316.32 0.0634841406307
517754 2128.44 0.0732145430478
138971 2050.06 0.0284433164517
162210 2107.64 0.070912292453
518183 2418.2 0.0843670517307
516130 2311.66 0.0445311663683
518445 2065.74 0.0504791594778
517707 2395.0 0.105522646618
518947 2036.34 0.0525275612234
519449 2310.94 0.0110321359144
162183 2089.04 0.0143122133165
500164 2367.7 0.0306742177764
196068 2263.62 0.0690521904762
503398 2069.8 0.0179093529263
519945 2220.64 0.0325529358139
143487 2198.12 0.0325599597204
514559 2040.98 0.01540080566
164202 2175.92 0.151389206613
523070 2059.56 0.118202752821
523121 2094.56 0.0236710532013
502539 2029.92 0.0496437064028
526474 2122.06 0.0778729374217
528810 2066.68 0.0435353077621
528423 2410.42 0.0993275967021
514587 2119.76 0.0367848472857
446791 2195.16 0.0396581569546
529246 2122.28 0.0454972852173
184266 2271.18 0.0180722925337
516848 2117.6 0.0734978721816
530222 2316.68 0.0547800296182
506394 2062.94 0.0172061322756
529248 2061.8 0.126082570254
530361 2273.58 0.0252433298893
306383 2112.9 0.0426021073375
531139 2136.24 0.0285306376351
531237 2128.44 0.0335803843898
163818 2182.54 0.0256913627212
527986 2304.7 0.0339886419975
531760 2329.96 0.126264889114
532156 2200.02 0.063778606375
536045 2105.18 0.0540646206456
531298 2087.94 0.0511507255374
500896 2028.18 0.0228114008502
504247 2097.46 0.0439494137667
537873 2208.86 0.0304962354067
163373 2424.74 0.020360691172
530218 2050.1 0.0131708050945
480822 2212.48 0.04974954378
264357 2345.9 0.0266060195445
539790 2033.7 0.0857437961137
216258 2424.9 0.09045922548
539825 2192.42 0.0569004158541
515585 2418.6 0.0666817100208
531283 2107.44 0.0211124105591
199801 2354.64 0.01885936285
527186 2157.44 0.0563838475099
540313 2409.96 0.0542747531698
518832 2230.6 0.0216889328294
65679 2405.52 0.0226838611993
267494 2364.52 0.0347007685073
541726 2094.46 0.0350939167125
337558 2065.46 0.0911253134021
542204 2100.88 0.0249970490764
267729 2050.68 0.0478692887118
542352 2157.52 0.0311817817236
68372 2046.38 0.0526939876916
544480 2163.02 0.0283922711081
502520 2101.18 0.0675730829419
742213 2072.34 0.067400512505
89958 2227.16 0.0419396508925
314212 2400.04 0.0250064788873
542638 2412.44 0.0812800909002
144898 2254.32 0.018970527283
514466 2093.18 0.0130664717148
540853 2416.36 0.0418522085306
531456 2102.74 0.0510466082885
153002 2234.12 0.0538449188834
544296 2026.9 0.0267675888931
221455 2371.72 0.0182244278181
481394 2309.42 0.036721740808
546749 2057.62 0.0436529181847
544271 2268.0 0.0856224663094
546939 2417.94 0.140049125501
548933 2284.68 0.0224635663293
549661 2136.2 0.0665370042573
531610 2327.88 0.0162168214529
177049 2196.5 0.0362621290854
6491 2095.7 0.0421319762454
523811 2149.66 0.0776400785953
531129 2093.56 0.0747812724
550259 2364.6 0.0241560032611
141432 2310.88 0.0227218403501
550925 2093.3 0.0442423500504
551340 2208.74 0.0289500616577
544492 2030.28 0.00625617695686
535293 2031.74 0.0313740901285
551699 2151.3 0.0226556383026
450894 2093.7 0.0413302131345
552620 2329.1 0.0565695618355
253841 2052.02 0.0291196936275
344076 2114.14 0.0212396496901
552613 2319.52 0.017460377602
513441 2326.1 0.0563326570261
562431 2121.7 0.0264555999014
554129 2235.02 0.0961456038301
554302 2224.46 0.0234325258983
202683 2162.88 0.0466274725562
329614 2057.34 0.0580664610987
554532 2220.56 0.0123077009995
488453 2163.9 0.0252818753103
297418 2083.04 0.0155864767135
554609 2148.4 0.0421905172618
554633 2152.14 0.0576231927505
207945 2102.88 0.0264238824949
537870 2336.98 0.0779093450817
308242 2403.44 0.0281586909724
434326 2030.52 0.0360891749883
529192 2288.86 0.00739024752664
189865 2344.46 0.0488321823868
33342 2326.22 0.0222664680777
312070 2070.28 0.0321888026543
141851 2300.28 0.0564920857056
555888 2304.36 0.0347131544252
555042 2152.74 0.015568242129
175706 2235.68 0.0299956430156
544489 2285.78 0.0440902706035
206910 2097.2 0.0459226225655
152770 2109.12 0.0428331066789
561615 2112.06 0.0347804098617
341843 2079.36 0.0222194491999
559123 2161.2 0.0724585062677
137126 2292.46 0.0315796433801
163348 2296.2 0.128521594678
562812 2272.04 0.0254959091768
562565 2032.16 0.0492835036032
563916 2347.2 0.016157956211
564012 2055.86 0.0784078415873
302169 2411.64 0.021214685301
530300 2078.72 0.022163075609
564648 2137.56 0.0176683594847
565620 2118.78 0.0292691421386
510746 2046.82 0.0349497239251
500101 2130.64 0.0375719294065
557761 2310.34 0.00898986847157
565579 2047.14 0.0204301311574
528484 2382.0 0.030642116506
554573 2424.14 0.0487247623064
154276 2032.02 0.0413244972529
378160 2173.92 0.0250344777707
164211 2283.72 0.032523989083
555538 2135.48 0.0132663686293
186844 2042.46 0.0383270051556
567393 2020.7 0.112627236873
567609 2319.84 0.0323584867647
518286 2022.44 0.0136105685574
363505 2157.9 0.0400582721962
530883 2123.38 0.180481410744
567935 2121.28 0.0435503128819
205744 2035.8 0.113908094479
162361 2207.2 0.0271443757068
467460 2260.68 0.00705098221862
566554 2405.3 0.0243224088576
66391 2058.14 0.0430005188944
568771 2187.38 0.0803963140322
566835 2027.64 0.0419406305984
568360 2322.28 0.021276838087
242643 2267.56 0.0370443533928
518384 2274.82 0.0564099806313
422686 2404.84 0.0402403420336
277475 2405.52 0.0221660468076
567424 2330.76 0.0301154936148
559747 2385.14 0.191915224683
572348 2162.84 0.0149090664745
413260 2092.0 0.0508958787687
329437 2113.58 0.0453322602208
573959 2378.3 0.0412133898594
573992 2085.7 0.0293159656312
363734 2277.36 0.0411316097885
163697 2028.52 0.0598733845821
337075 2198.46 0.0068584780317
468468 2358.16 0.0161439667408
578680 2052.82 0.10495147602
542903 2109.7 0.0964343768582
501824 2329.12 0.0159792955099
568914 2061.4 0.0709268236039
579163 2054.02 0.0686785129282
579164 2048.64 0.0974151073475
504419 2304.88 0.0287951537137
580707 2080.6 0.115165524761
580857 2387.6 0.0297552355216
579867 2278.68 0.0115036234558
580706 2050.18 0.0575107312316
580375 2102.34 0.0371151410595
138404 2165.16 0.0304281499003
507684 2412.52 0.0342565676932
583501 2224.26 0.0208249596704
583807 2062.08 0.014267048404
583898 2072.84 0.0315301968172
520616 2020.18 0.0122382669416
586439 2110.96 0.0261786823845
586760 2358.24 0.0441754538974
170086 2049.38 0.0252843394468
583474 2110.28 0.0535227867273
350751 2378.14 0.0194036315047
87684 2337.76 0.0441604677366
490581 2080.34 0.0457688019255
583462 2330.94 0.0213389302635
515595 2048.36 0.0279406672975
438105 2368.82 0.0345869301733
85182 2222.08 0.0384969190781
255071 2393.82 0.0315542769582
452302 2231.5 0.221731267741
548604 2369.0 0.0824335110018
65909 2170.36 0.022485926361
386454 2314.34 0.0200725835608
566417 2304.08 0.0140679865578
401954 2038.64 0.0212630048012
480858 2066.78 0.0353048303817
520900 2264.94 0.0283081842313
332446 2026.3 0.00775945985644
290772 2174.16 0.0195388494476
594077 2253.28 0.116643255554
549651 2160.56 0.241866674621
357622 2022.9 0.0461260823041
583463 2024.24 0.0734429423368
597201 2098.94 0.0374779739781
542815 2083.56 0.0245661641572
380636 2095.18 0.00849902751468
41429 2196.18 0.0233661677263
141053 2339.96 0.0366005881489
598169 2120.26 0.0504842117105
481457 2147.7 0.028369793852
458122 2217.04 0.0309494054216
163364 2265.66 0.0234142148672
456938 2147.26 0.0167412398977
519148 2350.62 0.0417735772454
599109 2285.22 0.0675251005671
598971 2073.54 0.00944163481316
597204 2190.56 0.0209356080067
575072 2322.36 0.0391544939863
399457 2092.76 0.059461747799
140158 2160.02 0.0335833852476
554280 2213.64 0.051675155589
600936 2343.54 0.0264381403065
358744 2166.56 0.0293405140744
154275 2220.46 0.0399122120271
140039 2222.18 0.0455828772041
600971 2059.24 0.0266796374268
207398 2155.22 0.03834734225
310442 2345.18 0.0282820573447
602746 2110.64 0.0619459697666
139359 2089.34 0.217226276208
152664 2296.88 0.0376450542544
603852 2203.54 0.0681663336315
599854 2229.92 0.00638626317068
603983 2179.14 0.0800152908624
434188 2307.56 0.0313287544609
465617 2413.5 0.0171628058431
514646 2146.24 0.0235633451349
550246 2373.86 0.0564697393624
286080 2411.3 0.0444732958425
546752 2326.06 0.0215505495998
226514 2224.64 0.0163383932772
601335 2061.46 0.0604364422962
387746 2128.78 0.199296830618
138524 2081.22 0.0416066190362
541311 2195.3 0.0626872312688
16960 2278.84 0.0919410439715
163014 2137.38 0.110137813523
360191 2237.12 0.0349708960233
367789 2282.1 0.00706375912557
279744 2292.76 0.0576645795216
604322 2089.82 0.014701900506
595034 2263.06 0.0457662256739
136617 2226.38 0.00749376165232
408792 2385.94 0.0683885734046
605736 2029.96 0.0285920309583
220839 2046.88 0.212213510271
5693 2264.3 0.0131438644492
567394 2039.86 0.0613261749565
403775 2373.02 0.0138910035155
444584 2358.6 0.0121747742798
475534 2351.66 0.0117777071084
277570 2247.64 0.0259971421984
382758 2339.62 0.0545320828015
152754 2048.6 0.0219955618839
375054 2203.42 0.0624154928673
141495 2347.26 0.0325387291994
608556 2031.0 0.00989719563273
604390 2029.7 0.0207251870002
153220 2074.88 0.0428859078461
8014 2351.56 0.0168178612217
192642 2027.92 0.149854583091
648503 2322.28 0.0272876671918
611993 2091.16 0.0958405379548
374158 2172.66 0.0201199211005
542650 2212.4 0.0688424274622
214869 2405.98 0.0297549957834
612731 2317.32 0.0591818171375
594706 2028.1 0.0358094729393
612800 2211.28 0.0560811477782
601288 2167.96 0.0200815874188
612927 2129.04 0.094173805204
365014 2328.6 0.136557822286
437844 2394.52 0.0159934485454
604320 2103.76 0.0454443144709
37638 2170.98 0.00593641898239
382406 2412.8 0.0160326594537
613587 2162.5 0.0470682158019
612741 2420.64 0.0556250171599
242708 2419.06 0.0224402049695
153201 2044.88 0.0344316161611
608568 2243.08 0.0294070179332
88254 2088.78 0.0320167044511
613588 2291.04 0.0396860893428
614829 2238.96 0.036192496873
613497 2092.36 0.0317928682072
194268 2402.12 0.0859855748727
342866 2219.4 0.0121571091338
597645 2119.7 0.0099115355625
614600 2028.3 0.0509602007957
162825 2251.2 0.0538740495687
454101 2387.18 0.024556304949
6037 2226.1 0.0234695925017
562809 2066.56 0.0703580815711
406213 2349.82 0.0576645321802
417612 2244.14 0.025052826285
410778 2071.26 0.0879854557216
154269 2313.7 0.110899619758
152828 2320.88 0.120024884239
501401 2133.36 0.110951755339
618357 2287.9 0.0234992108199
430544 2145.88 0.042736544746
633545 2028.18 0.0387746174998
540640 2278.26 0.0103522468312
539782 2407.88 0.0217025420666
618529 2122.26 0.0558545868709
483423 2287.12 0.0830517177891
597626 2110.86 0.0846977299785
617432 2419.4 0.0569588215896
619048 2029.74 0.0578333724044
154330 2415.84 0.031095532608
576721 2302.84 0.0145694680545
154590 2162.06 0.0138282443374
52768 2351.12 0.0168405400829
477465 2125.62 0.051599092603
450142 2264.2 0.0206254985821
597712 2179.78 0.0065848223408
618422 2170.44 0.293573924116
618800 2104.9 0.101554246578
625944 2290.56 0.0456239951883
518288 2144.46 0.0635513240808
622027 2315.14 0.0415906696512
547607 2086.62 0.0516125335574
608918 2112.1 0.043972365205
628424 2194.0 0.0952998569687
595048 2078.76 0.026204921328
574368 2126.68 0.0300792913377
303450 2252.96 0.0412655497478
591534 2119.28 0.0267119909275
629184 2149.16 0.0260788558608
630880 2357.14 0.103238309669
540639 2033.86 0.0849076624025
615070 2095.28 0.0268963154685
170903 2215.14 0.162913561434
417211 2104.36 0.0419578230264
189040 2021.56 0.215436487137
276033 2261.44 0.0132966316279
578072 2379.42 0.0591594909577
386847 2043.72 0.0278111028271
621091 2126.46 0.0304946966486
216523 2035.36 0.0700518775535
622026 2033.24 0.0681002344985
388188 2138.52 0.037976637675
215588 2373.7 0.0270051773286
425755 2242.8 0.019161457724
617761 2390.54 0.0386796130178
634149 2159.34 0.0253726061612
634416 2237.48 0.0424512160603
634945 2162.34 0.0168046181883
285263 2190.94 0.0704726824232
467336 2163.48 0.0447503864224
631341 2062.9 0.0547028428408
635145 2042.72 0.105745199748
638671 2207.72 0.0158785999856
639239 2170.42 0.0186138486827
414990 2161.68 0.0298438268593
465824 2174.98 0.0160950252428
410777 2265.52 0.013464620698
639808 2353.36 0.0398202754247
572004 2319.22 0.0171404968305
363599 2120.6 0.0223862681138
611709 2022.28 0.0166398527062
635837 2391.54 0.0310448276216
416151 2130.68 0.0451795258409
639878 2287.52 0.105774775788
618406 2200.82 0.0486350834035
484506 2227.04 0.0248261334874
628407 2088.14 0.0285876830752
613970 2115.44 0.0282532798712
484976 2227.02 0.103491669225
639416 2069.42 0.055212536043
467351 2207.56 0.0178898772259
442523 2415.3 0.0908258779343
639417 2067.1 0.0674764065945
453563 2392.14 0.0140537742691
232691 2324.92 0.0206094094949
373135 2081.64 0.0175777985185
643111 2205.96 0.031629504945
642672 2132.36 0.052084613249
646980 2142.88 0.161900115905
645454 2223.38 0.0393033932399
448721 2414.36 0.0614104311321
438908 2193.82 0.00836716626324
634413 2172.08 0.0419035369641
348306 2154.24 0.0408566874061
564523 2085.4 0.0271928452669
455148 2157.28 0.198973619534
612597 2253.82 0.0577365489828
645921 2038.92 0.0550501500896
250680 2390.0 0.0986576096989
646638 2048.8 0.0235385160333
453778 2289.18 0.0393623211246
363831 2247.24 0.0343965495988
647210 2217.04 0.045542509309
647191 2222.0 0.0369418818834
445974 2322.84 0.0267699807723
405212 2049.62 0.0175949740637
471926 2064.02 0.0633584440239
152671 2043.44 0.0502310059634
649155 2153.8 0.0360406466651
429584 2327.32 0.0277582189888
656830 2323.88 0.35317798637
633636 2243.78 0.0294160004646
162116 2151.3 0.0709404354829
649918 2420.38 0.145832138877
649924 2100.68 0.0063250071061
649833 2063.28 0.191645201448
650287 2041.84 0.0449214989026
628280 2360.52 0.0463514797261
162120 2196.22 0.00991210990766
452807 2256.8 0.0104660442312
651557 2036.8 0.0480128262416
369264 2331.1 0.110727475873
640048 2195.18 0.0864333599323
5604 2292.96 0.0394628105484
618385 2037.04 0.0418900434116
646433 2226.14 0.061425418986
649059 2099.32 0.0737694562596
651878 2208.7 0.0377754681289
482798 2039.66 0.0259088056062
655278 2205.64 0.0661026360544
663439 2059.3 0.033966306809
141527 2299.9 0.0269007594738
655657 2289.08 0.0386004395061
422699 2095.14 0.0266856309276
594097 2202.72 0.0414679517478
281375 2359.38 0.0610641577998
657609 2043.84 0.0508736278224
640971 2354.84 0.133065782574
658044 2091.08 0.0590860258376
655660 2295.56 0.0573779087524
672264 2115.58 0.0500778875506
267221 2377.66 0.022636252328
628672 2094.52 0.0545997270307
625633 2058.62 0.0349030019172
656504 2269.9 0.0374941873082
645791 2161.86 0.0338523740037
663540 2099.62 0.0367757022373
662240 2130.32 0.029398868811
474231 2025.52 0.0506354535052
666884 2076.08 0.0818165446757
433953 2282.42 0.0137937367293
387505 2343.38 0.0246961475887
668687 2293.84 0.0105427869485
388945 2419.06 0.0556826640095
657011 2047.46 0.0404903459049
638615 2264.62 0.0245600786783
517703 2373.26 0.0303617957648
639684 2027.28 0.105658268211
673181 2291.64 0.0164317559085
669453 2182.68 0.0871946069745
657474 2030.8 0.0286297230656
613777 2210.7 0.0382600872538
658039 2153.12 0.0462174525351
676302 2364.04 0.0256314249006
566915 2421.88 0.0412459621169
673662 2190.0 0.0513557017627
565862 2377.8 0.0583683218357
714078 2025.16 0.0362457808456
677625 2254.4 0.121014301022
162882 2414.9 0.0296073465772
686022 2100.92 0.121024186286
677232 2179.16 0.0163313748977
684307 2086.24 0.0583158887764
684320 2380.78 0.08659587851
685970 2125.5 0.0627462354759
463387 2388.14 0.0226207063664
678491 2242.68 0.0120133408378
480883 2387.24 0.024613182572
649932 2100.24 0.0143117463895
677791 2117.96 0.0209039796812
628639 2309.2 0.0425947751766
645241 2054.56 0.0761682340716
688633 2057.82 0.109920772846
688629 2416.96 0.0371476800844
688275 2290.94 0.0453632784077
688790 2032.92 0.0959017824097
693415 2355.62 0.0514624438204
667253 2342.5 0.0202292571827
686381 2150.94 0.0415625667492
381906 2405.82 0.0226970326498
689543 2148.02 0.174136352913
688585 2092.46 0.0478677941335
467309 2230.34 0.0344906457746
690158 2416.84 0.0512428737129
690198 2278.34 0.0208994614492
468005 2403.32 0.10291982624
689407 2337.32 0.0146228770788
438955 2356.8 0.0203913128131
688794 2375.62 0.0422548880864
638470 2293.78 0.0485507832778
685941 2063.88 0.0514401804878
694956 2072.06 0.0323147500854
693933 2366.92 0.0542172133261
689735 2260.7 0.0378755863385
667266 2029.82 0.0436131361022
655253 2239.04 0.0317374730318
454094 2047.52 0.0290828658938
696930 2173.66 0.0417765578929
608311 2364.4 0.0243903097949
697046 2316.6 0.0367234973788
697402 2133.1 0.108327540938
699218 2054.5 0.106793050097
697968 2386.46 0.023339978555
690180 2029.9 0.0363359888243
699329 2063.36 0.0810551084895
697031 2254.24 0.0388622486123
698963 2069.6 0.0501440876292
696941 2283.04 0.0402840016678
709159 2264.7 0.0635137680482
698960 2257.46 0.0339515646975
699760 2272.34 0.00341362811118
437841 2166.2 0.0357246471464
699447 2350.5 0.0797442828232
364136 2350.92 0.0250676534381
701771 2180.82 0.0540761232493
441987 2296.24 0.0225637829604
703219 2381.2 0.0174965524451
703760 2246.68 0.042430291531
702092 2073.34 0.0832117484571
697041 2056.42 0.0174008066508
703771 2033.74 0.0446934739347
699460 2253.6 0.00988589176729
705478 2099.76 0.0334677470733
706708 2165.26 0.0263254418469
709163 2178.02 0.0186485899212
697577 2170.88 0.0304747377544
602841 2192.12 0.29469040606
684309 2251.68 0.0334978535392
152685 2045.86 0.0078273848936
694636 2086.08 0.018100758346
709562 2206.2 0.0170461297359
711248 2023.24 0.0262445218085
710237 2184.6 0.027709195258
709754 2046.1 0.0434606688783
677652 2374.5 0.0291002903421
711549 2229.92 0.027595047061
711543 2360.74 0.0554288856858
711847 2285.62 0.0289387760414
713695 2353.26 0.0318750313281
713739 2369.58 0.168893796375
712890 2144.4 0.0444906430269
654323 2332.14 0.472224415895
714074 2318.44 0.0597031218031
711251 2321.96 0.0598311531337
705885 2183.52 0.0451942959171
716007 2083.2 0.0181316726787
712397 2020.62 0.0492483495944
711442 2094.28 0.564831967371
685822 2097.2 0.0312892815506
715669 2393.64 0.0579354940953
715541 2070.28 0.139300987887
712880 2196.62 0.013873933408
721097 2082.6 0.0651429376311
716840 2228.36 0.030867614146
721158 2112.18 0.0634430260699
711553 2272.2 0.103269955271
601562 2045.14 0.0253800208171
722284 2281.64 0.0304253058726
658196 2315.44 0.025770605638
721776 2267.34 0.0661464491651
721418 2191.88 0.0465819653612
721782 2117.16 0.0303402220905
717501 2065.94 0.0527706788408
595722 2191.34 0.0291505902486
731143 2183.1 0.020436671032
722540 2044.34 0.0184962196631
722904 2152.68 0.101875831342
705303 2185.82 0.0598631439472
720507 2296.14 0.0382458269842
723720 2050.12 0.0139704759764
722430 2243.28 0.0243869648169
723373 2083.92 0.047767350691
694996 2253.76 0.0338180133791
724333 2065.62 0.0661087661675
723998 2251.08 0.0359027428325
724325 2338.8 0.0227326509408
688515 2351.2 0.0568934534656
722931 2123.28 0.0308658708587
725293 2089.0 0.00705955982439
723862 2396.98 0.0367448294654
598709 2090.24 0.0523949237183
726577 2410.84 0.0581187462382
727840 2193.3 0.0127576446492
724302 2150.92 0.0520651738214
731307 2231.36 0.140394509605
724298 2266.2 0.0497846643321
728622 2207.62 0.0789893083296
723044 2278.26 0.0252731402079
723459 2327.14 0.0549848382879
727481 2092.84 0.0397205429926
727785 2347.88 0.0203019610573
722064 2139.62 0.0191792494882
732208 2062.56 0.0186130841476
732027 2402.92 0.0357378173305
732203 2024.78 0.0851084781219
732010 2279.9 0.0293394945302
616066 2245.78 0.0625818863912
654934 2072.8 0.0819143845774
732705 2186.32 0.0138620918862
731993 2147.56 0.231287634649
732863 2048.84 0.0355397777403
733300 2314.66 0.0356716635761
733302 2360.58 0.0151622562412
732928 2288.02 0.0464832859944
732034 2422.72 0.277006471316
736687 2367.92 0.0371654288229
737141 2268.36 0.0883915188045
737140 2170.18 0.0560539643841
736983 2050.96 0.0487903065311
734692 2020.8 0.0312112989569
732763 2314.64 0.0251883099498
739329 2138.7 0.0231255435908
734678 2176.16 0.0168077831834
739170 2135.16 0.0275491581663
738247 2084.72 0.0120140030546
739377 2335.6 0.0514717913876
739398 2293.28 0.106732241375
737302 2265.66 0.0430512209569
740611 2041.54 0.0675611364976
739908 2234.22 0.144011578058
740025 2183.02 0.0677594496101
740531 2151.5 0.0526283012386
740027 2042.42 0.0102757067887
740774 2420.44 0.0370565023661
740655 2131.22 0.0588827705962
740687 2360.22 0.0206686110626
740788 2239.26 0.0569281685542
740636 2179.76 0.0647076493656
740867 2291.8 0.0597522491321
740859 2408.46 0.0259809522963
742131 2187.44 0.0247726177859
741937 2301.3 0.0478010896764
742203 2166.56 0.0114262934764
