5189
5604
5693
6037
6491
7753
8014
16960
22753
33342
35396
37638
41429
52760
52768
65679
65717
65909
66391
68372
85182
85640
87684
88254
89136
89958
100085
101869
136618
137126
138404
138524
139359
140039
140158
141053
141432
141495
141527
141593
141851
143404
143487
144898
152560
152637
152664
152671
152685
152754
152770
152828
153201
153220
153311
153814
154019
154269
154276
154330
154590
155338
162000
162039
162116
162120
162183
162210
162361
162416
162421
162422
162695
162825
162882
162998
163014
163348
163364
163373
163697
164202
164211
170086
170903
172678
175706
177049
177614
184266
186844
189040
192642
194268
196068
199801
200840
202683
206910
207398
207945
214869
215588
216115
216258
216523
220839
221455
226514
234145
242643
242708
247360
250706
255071
264357
264993
267221
267494
267729
269690
276033
277570
279744
281375
285263
286080
289315
290772
292220
297418
301844
302169
303450
306383
307005
308242
308635
310442
311044
312070
314212
317255
329437
329614
337075
337558
342866
344076
348306
350523
350751
357622
358744
359369
360191
363305
363505
363599
363734
363831
364136
365014
367789
369057
369264
373135
374038
374158
375054
377097
378160
380636
381906
382406
382745
382758
386454
386847
387505
387746
388188
399457
401954
403775
405212
405762
406213
410778
412983
413260
414287
414990
415713
416151
417211
418416
422686
422699
425755
429584
430544
433953
434188
434326
436329
437841
437844
438105
438908
438955
439437
442523
444584
445974
446791
446862
447755
448721
450142
450263
450300
450894
452302
452807
453778
454100
454101
455148
455176
456938
458122
459683
462238
463387
465633
465824
466130
467309
467317
467336
467351
467460
468005
468468
468910
471240
471241
474231
475534
477465
480808
480820
480822
480858
480883
481394
481457
481482
483423
484506
484517
484976
485652
488453
488490
490354
490581
494710
638470
638471
500017
500027
500028
500098
500101
500164
500450
500584
500600
500666
500675
500711
500752
500795
500798
500806
500814
500894
500896
501065
501214
501359
501401
501516
501523
501537
501587
501604
501811
501824
501842
501881
501888
501912
502033
502423
502424
502520
502539
502541
502549
503390
503396
503398
503399
503429
504246
504247
504419
505134
505530
505536
505542
505609
505620
505626
505767
505775
505968
506016
506017
506108
506169
506181
506371
506390
506391
506394
506469
506495
506555
506570
507620
507684
507697
510481
510746
510759
511204
511266
511299
511301
511353
511453
511544
511573
511729
512237
513309
513322
513441
513495
514276
514307
514466
514553
514559
514587
514606
514646
514656
515210
515240
515324
515327
515407
515412
515436
515527
515558
515585
515595
515670
515880
515980
515981
516129
516130
516848
517703
517707
517754
517964
518183
518286
518288
518384
518445
518633
518811
518823
518831
518832
518947
519148
519449
519945
520616
520900
523070
523121
523811
526474
527186
527986
528423
528484
528810
529192
529198
529246
529248
530222
530300
530301
530361
530363
530883
531129
531139
531237
531283
531298
531406
531456
531610
531760
535293
535976
536045
536049
537870
537873
539790
539825
539912
539990
540313
540639
540640
540853
541311
541726
542204
542352
542426
542522
542638
542650
542815
542853
542903
544296
544480
544489
544492
546749
546752
546939
547607
548348
548604
548933
549651
549655
549661
550246
550259
550908
550925
551340
551699
552613
552620
553982
554129
554280
554302
554532
554573
554609
554633
554719
555042
555538
555888
556338
557761
559123
559169
559747
561615
562009
562431
562565
562809
562812
563916
564012
564523
564648
565239
565579
565620
565820
566417
566418
566554
566835
566915
567393
567394
567424
567609
567699
567997
568360
568771
568914
570948
571235
572004
572216
572706
573959
573992
574322
574368
575072
576721
578072
578680
579163
579164
579867
580375
580706
580707
580857
583462
583463
583501
583807
583898
584691
586439
591534
593094
593264
593614
594077
594097
594704
594706
595034
595048
595722
597201
597204
597626
597712
598169
598709
598971
599107
599109
599854
600251
600936
600971
601288
601335
601478
601562
602746
602841
603852
603983
604002
604320
604322
604390
604851
608311
608556
608568
610757
611993
612597
612731
612741
612800
612927
613246
613497
613587
613588
613777
613970
614600
614829
615070
615763
616066
616243
616732
616796
617761
617830
618333
618357
618385
618406
618422
618423
618529
618800
619048
621091
622026
622027
624311
625633
625944
625948
626412
628276
628280
628407
628424
628619
628639
628672
629184
630880
631341
633636
634149
634271
634413
634416
634945
635118
635145
635837
638615
638671
639239
639416
639417
639515
639586
639684
639808
640048
640971
642672
643111
645241
645454
645585
645791
645921
646433
646638
646980
647191
647210
648503
649059
649155
649833
649918
649924
649932
650287
651557
651878
653916
653926
654323
654934
655253
655278
655657
655660
656033
656504
656830
657011
657014
657474
657609
658039
658044
662240
663439
663540
666884
667253
667266
667905
668687
669453
672264
673181
673662
676302
676385
677232
677625
677652
677791
678491
684307
684309
684320
685822
685941
685970
686022
686381
686407
688275
688515
688585
688629
688633
688790
688794
689407
689543
689735
690158
690180
690198
691760
693415
693884
693933
694636
694956
694996
696930
696941
697041
697046
697402
697577
697968
698960
698963
699218
699329
699760
701771
702092
703219
703760
703771
705303
705478
709159
709163
709562
709585
709754
711248
711251
711442
711543
711549
711553
712397
712880
712890
713695
713739
714074
715541
715669
716007
716024
716840
717501
717710
720507
721097
721158
721418
721776
722064
722284
722430
722904
722931
723044
723292
723373
723459
723720
723998
724298
724302
724325
724333
725293
727481
727785
727840
728622
731143
731307
731993
732010
732027
732203
732208
732285
732547
732705
732763
732863
732928
733300
733302
734678
734692
736687
736983
737140
737141
737302
738247
739170
739329
739377
739398
739908
740025
740027
740531
740611
740635
740636
740687
740734
740739
740774
740788
740859
740867
740900
741127
741937
742131
742157
742203
742213
410777
1566
1862
2101
2201
2340
3361
3362
3757
4015
4179
4486
4660
4769
6239
6489
14827
25143
65803
69230
85585
217628
326290
469445
605341
605728
606100
606268
614819
615069
618777
619121
622139
628969
639701
645710
651036
651454
651461
692332
702909
706860
710803
721367
723900
723919
732297
732471
738588
741545
822
944
1204
1486
1720
1863
2100
2110
2212
3175
3338
3360
3519
3552
3908
4781
4847
4924
5020
5143
5145
5248
5335
5496
5786
5797
5933
6063
6647
7236
7304
7350
7358
8034
8035
8405
8568
8709
9301
9572
10145
10278
10302
10682
10860
11054
11088
11284
12398
13551
13966
15504
16205
16834
17182
18106
18109
18736
18761
19356
19764
20086
20234
20429
20461
20826
20898
21275
22143
22627
22807
23135
23332
24443
24635
26031
26045
26192
26760
26817
4953
7335
7341
7482
7822
8566
9856
10115
12538
13651
20425
23187
26663
27002
29075
31669
35107
38071
39572
53319
53426
53429
53550
53789
65690
67367
67381
68216
68346
68347
68548
68950
85236
85713
85774
85938
85990
86039
86819
89830
89959
90075
90403
90416
99248
103067
111253
136617
136795
136849
137108
137120
137427
138095
138127
138175
138727
138971
139211
139622
140288
141525
141614
143649
143651
143992
144332
144900
152561
152680
152978
153002
153958
154275
154302
159504
159857
162082
162162
162474
162510
162567
162687
162783
162922
162979
163026
163051
163067
163132
163243
163249
163683
163818
163899
164121
164207
164216
168318
171576
171839
173561
175729
179806
180186
185851
187040
189865
192559
192563
194006
196625
197588
199003
205744
206378
208023
208115
212546
216985
217430
221980
226554
228368
230111
230549
231937
232691
235756
242216
242450
243566
244977
250620
250680
251346
252399
253841
260141
263976
265196
265482
267131
267337
267720
275677
277475
279816
294739
297300
302831
304330
310560
311066
325395
330233
331876
332446
333521
333578
341843
348314
348400
349068
349507
352102
354182
356991
357022
357024
357028
357439
357594
358471
359170
361754
363024
363067
363084
363116
363344
363790
365071
365424
366746
366774
367248
368203
368565
371660
374851
374855
375103
377732
378358
380981
382395
382825
385186
385252
385343
385605
387668
388945
389694
390725
390929
391211
395207
399774
401856
408792
409836
410627
411165
413989
414286
415029
415745
416195
416591
416801
417217
417419
417612
417634
417816
417871
417949
418094
418135
418849
419472
419624
419880
420210
422787
423321
423709
424482
428209
429094
430440
430804
434096
434196
434633
434677
434734
435159
435548
436671
436724
436774
437905
438661
439313
439877
440212
441641
441987
442037
443103
443806
443880
444004
444193
445305
448003
450270
450293
451003
451124
451157
451297
451370
452376
453563
453707
453729
454094
455184
455299
455687
457662
457768
458116
458418
458723
461852
462550
462959
465617
465892
466508
468727
469896
470310
471323
471926
474163
476601
477162
477519
478574
480936
481532
481817
482250
482344
482467
482488
482650
482766
482796
482798
483422
483432
483508
483560
483989
484402
487577
488515
488789
489486
494658
494690
494697
494999
495187
496005
496013
611592
621316
646911
697031
500011
500034
500113
500661
500697
500712
500764
500773
500820
500875
500932
501038
501082
501084
501106
501151
501189
501212
501524
501602
501623
501709
501915
502223
503394
503422
503450
503634
503994
504264
504445
505136
505149
505610
505611
505619
505754
505996
506115
506184
506396
506470
506474
506575
506577
507090
507176
509524
509739
510748
511188
511189
511205
511413
511435
511551
511733
511736
511749
511772
512021
512028
512233
513323
514261
514448
514941
515019
515182
515193
515509
515545
515577
515600
515734
515864
515983
516204
516320
516694
516804
516806
516844
516851
517697
517706
517729
517925
517946
517947
518241
518391
518798
518808
518821
518927
519320
519466
519518
519528
519660
519956
519957
520013
520017
520827
522197
522264
522435
522446
522447
523367
525630
525638
526225
526231
527099
527204
527495
527976
529571
530218
530308
530413
530822
530965
531233
532151
532156
533623
535252
535295
537138
537812
537867
538614
538626
539782
539796
540636
540804
540915
541550
541555
541573
541922
541972
542267
542359
542645
542854
544271
544365
544458
547575
547594
547645
549612
550002
550108
550257
550747
550889
552016
552029
553646
553796
553821
554108
554297
554518
554564
554579
554602
554692
554835
555903
555961
556339
556751
557745
559761
561557
562417
562798
562803
562819
562822
563009
563168
564010
564527
564649
565266
565836
565856
565862
566290
566308
566309
566454
566458
566918
567059
567261
567374
567619
567698
567935
568007
568376
568781
568907
568922
569478
571114
572006
572348
572709
576429
576572
578074
579177
579810
580379
583126
583474
584690
586760
587513
588800
591177
592031
593403
593776
594707
594821
594970
595019
595027
595036
595679
596090
597645
597704
597885
597898
597964
598157
598642
598888
599833
600013
600231
600232
600902
601336
601533
601560
602546
602745
602844
603650
603665
603748
604308
604318
604473
604474
604620
604662
604863
605736
606022
606282
608227
608317
608557
608918
611433
611610
611709
611989
612801
612928
613123
613973
614244
615066
615298
615676
615764
616216
616558
616976
617010
617432
617786
617844
618114
618118
618206
618319
618349
618431
618458
619323
619390
619571
620051
621097
625411
625414
625444
625945
626324
626769
627463
628412
628618
628871
628935
629118
630898
631343
631697
632165
633545
633629
634007
634478
634693
635185
635235
635274
638531
639013
639299
639301
639773
639878
640141
640835
640837
642664
642673
645209
645254
645256
645458
645513
645602
646408
646455
648876
649154
650282
651058
651825
651877
652293
652598
652727
653970
654554
656100
656352
656442
656469
656995
657230
657603
658036
658196
658198
658240
659607
662721
663537
663707
665972
667279
668708
670056
670352
670491
670513
671736
675280
675316
676332
676334
677559
677782
677786
677963
678486
679649
684310
684322
685946
686403
688282
688798
689732
690160
690178
690184
690803
691178
691637
691642
692440
692475
693941
693961
693963
694237
695250
695253
695358
695510
696057
696598
699447
699460
699756
700396
700949
702922
702928
702934
703218
703225
703748
704355
704356
705128
705145
705885
706708
706758
707835
707846
707848
708656
709281
709304
709768
709793
710237
710976
711250
711252
711532
711557
711847
712944
713704
714072
714078
714108
714541
714544
714661
714773
714777
715667
717660
718477
720496
721070
721372
721425
721723
721782
722208
722282
722343
722372
722540
723086
723262
723475
723717
723807
723862
724008
724323
725272
725291
725864
725870
726577
727490
727800
728717
728874
729952
730796
731260
731306
731321
732034
732283
732284
732327
732422
732443
732477
732575
732760
732796
732801
732868
732903
733242
733303
734075
734106
734656
735206
736876
736894
738261
739327
739498
739516
739524
740015
740169
740591
740613
740655
740705
740769
740790
740843
740854
740855
741600
741629
742154
742193
101955
1620
1981
2102
2135
3122
3200
3671
4034
4183
4581
5011
11500
12923
37655
99942
143624
161989
162173
164400
288807
314082
398188
494975
500080
503861
503941
504034
504256
504680
504800
505178
505657
506074
506491
506732
507716
600011
600017
600032
600095
600098
600110
600115
600159
600427
600543
600548
600564
600627
600633
600642
600662
600676
600677
600715
600727
600734
600756
600759
600767
600774
600780
600833
600853
600888
600992
601019
601036
601038
601060
601104
601140
601162
601164
601301
601340
601441
601448
601459
601507
601520
601522
601540
601589
601618
601623
601725
601737
601756
601793
601800
601824
601826
601935
602099
602134
602156
602162
602275
602276
602315
602359
602377
602379
602387
603224
603226
603228
603247
603251
603258
603279
603462
603492
603812
604054
604055
604072
