5189
5604
5693
6037
6491
7753
8014
16960
22753
33342
35396
37638
41429
52760
52768
65679
65717
65909
66391
68372
85182
85640
87684
88254
89136
89958
100085
101869
136618
137126
138404
138524
139359
140039
140158
141053
141432
141495
141527
141593
141851
143404
143487
144898
152560
152637
152664
152671
152685
152754
152770
152828
153201
153220
153311
153814
154019
154269
154276
154330
154590
155338
162000
162039
162116
162120
162183
162210
162361
162416
162421
162422
162695
162825
162882
162998
163014
163348
163364
163373
163697
164202
164211
170086
170903
172678
175706
177049
177614
184266
186844
189040
192642
194268
196068
199801
200840
202683
206910
207398
207945
214869
215588
216115
216258
216523
220839
221455
226514
234145
242643
242708
247360
250706
255071
264357
264993
267221
267494
267729
269690
276033
277570
279744
281375
285263
286080
289315
290772
292220
297418
301844
302169
303450
306383
307005
308242
308635
310442
311044
312070
314212
317255
329437
329614
337075
337558
342866
344076
348306
350523
350751
357622
358744
359369
360191
363305
363505
363599
363734
363831
364136
365014
367789
369057
369264
373135
374038
374158
375054
377097
378160
380636
381906
382406
382745
382758
386454
386847
387505
387746
388188
399457
401954
403775
405212
405762
406213
410778
412983
413260
414287
414990
415713
416151
417211
418416
422686
422699
425755
429584
430544
433953
434188
434326
436329
437841
437844
438105
438908
438955
439437
442523
444584
445974
446791
446862
447755
448721
450142
450263
450300
450894
452302
452807
453778
454100
454101
455148
455176
456938
458122
459683
462238
463387
465633
465824
466130
467309
467317
467336
467351
467460
468005
468468
468910
471240
471241
474231
475534
477465
480808
480820
480822
480858
480883
481394
481457
481482
483423
484506
484517
484976
485652
488453
488490
490354
490581
494710
638470
638471
500017
500027
500028
500098
500101
500164
500450
500584
500600
500666
500675
500711
500752
500795
500798
500806
500814
500894
500896
501065
501214
501359
501401
501516
501523
501537
501587
501604
501811
501824
501842
501881
501888
501912
502033
502423
502424
502520
502539
502541
502549
503390
503396
503398
503399
503429
504246
504247
504419
505134
505530
505536
505542
505609
505620
505626
505767
505775
505968
506016
506017
506108
506169
506181
506371
506390
506391
506394
506469
506495
506555
506570
507620
507684
507697
510481
510746
510759
511204
511266
511299
511301
511353
511453
511544
511573
511729
512237
513309
513322
513441
513495
514276
514307
514466
514553
514559
514587
514606
514646
514656
515210
515240
515324
515327
515407
515412
515436
515527
515558
515585
515595
515670
515880
515980
515981
516129
516130
516848
517703
517707
517754
517964
518183
518286
518288
518384
518445
518633
518811
518823
518831
518832
518947
519148
519449
519945
520616
520900
523070
523121
523811
526474
527186
527986
528423
528484
528810
529192
529198
529246
529248
530222
530300
530301
530361
530363
530883
531129
531139
531237
531283
531298
531406
531456
531610
531760
535293
535976
536045
536049
537870
537873
539790
539825
539912
539990
540313
540639
540640
540853
541311
541726
542204
542352
542426
542522
542638
542650
542815
542853
542903
544296
544480
544489
544492
546749
546752
546939
547607
548348
548604
548933
549651
549655
549661
550246
550259
550908
550925
551340
551699
552613
552620
553982
554129
554280
554302
554532
554573
554609
554633
554719
555042
555538
555888
556338
557761
559123
559169
559747
561615
562009
562431
562565
562809
562812
563916
564012
564523
564648
565239
565579
565620
565820
566417
566418
566554
566835
566915
567393
567394
567424
567609
567699
567997
568360
568771
568914
570948
571235
572004
572216
572706
573959
573992
574322
574368
575072
576721
578072
578680
579163
579164
579867
580375
580706
580707
580857
583462
583463
583501
583807
583898
584691
586439
591534
593094
593264
593614
594077
594097
594704
594706
595034
595048
595722
597201
597204
597626
597712
598169
598709
598971
599107
599109
599854
600251
600936
600971
601288
601335
601478
601562
602746
602841
603852
603983
604002
604320
604322
604390
604851
608311
608556
608568
610757
611993
612597
612731
612741
612800
612927
613246
613497
613587
613588
613777
613970
614600
614829
615070
615763
616066
616243
616732
616796
617761
617830
618333
618357
618385
618406
618422
618423
618529
618800
619048
621091
622026
622027
624311
625633
625944
625948
626412
628276
628280
628407
628424
628619
628639
628672
629184
630880
631341
633636
634149
634271
634413
634416
634945
635118
635145
635837
638615
638671
639239
639416
639417
639515
639586
639684
639808
640048
640971
642672
643111
645241
645454
645585
645791
645921
646433
646638
646980
647191
647210
648503
649059
649155
649833
649918
649924
649932
650287
651557
651878
653916
653926
654323
654934
655253
655278
655657
655660
656033
656504
656830
657011
657014
657474
657609
658039
658044
662240
663439
663540
666884
667253
667266
667905
668687
669453
672264
673181
673662
676302
676385
677232
677625
677652
677791
678491
684307
684309
684320
685822
685941
685970
686022
686381
686407
688275
688515
688585
688629
688633
688790
688794
689407
689543
689735
690158
690180
690198
691760
693415
693884
693933
694636
694956
694996
696930
696941
697041
697046
697402
697577
697968
698960
698963
699218
699329
699760
701771
702092
703219
703760
703771
705303
705478
709159
709163
709562
709585
709754
711248
711251
711442
711543
711549
711553
712397
712880
712890
713695
713739
714074
715541
715669
716007
716024
716840
717501
717710
720507
721097
721158
721418
721776
722064
722284
722430
722904
722931
723044
723292
723373
723459
723720
723998
724298
724302
724325
724333
725293
727481
727785
727840
728622
731143
731307
731993
732010
732027
732203
732208
732285
732547
732705
732763
732863
732928
733300
733302
734678
734692
736687
736983
737140
737141
737302
738247
739170
739329
739377
739398
739908
740025
740027
740531
740611
740635
740636
740687
740734
740739
740774
740788
740859
740867
740900
741127
741937
742131
742157
742203
742213
410777
1566
1862
2101
2201
2340
3361
3362
3757
4015
4179
4486
4660
4769
6239
6489
14827
25143
65803
69230
85585
217628
326290
469445
605341
605728
606100
606268
614819
615069
618777
619121
622139
628969
639701
645710
651036
651454
651461
692332
702909
706860
710803
721367
723900
723919
732297
732471
738588
741545
822
944
1204
1486
1720
1863
2100
2110
2212
3175
3338
3360
3519
3552
3908
4781
4847
4924
5020
5143
5145
5248
5335
5496
5786
5797
5933
6063
6647
7236
7304
7350
7358
8034
8035
8405
8568
8709
9301
9572
10145
10278
10302
10682
10860
11054
11088
11284
12398
13551
13966
15504
16205
16834
17182
18106
18109
18736
18761
19356
19764
20086
20234
20429
20461
20826
20898
21275
22143
22627
22807
23135
23332
24443
24635
26031
26045
26192
26760
26817
