1566
1862
2101
2201
2340
3361
3362
3757
4015
4179
4486
4660
4769
6239
6489
14827
25143
65803
69230
85585
217628
326290
469445
605341
605728
606100
606268
614819
615069
618777
619121
622139
628969
639701
645710
651036
651454
651461
692332
702909
706860
710803
721367
723900
723919
732297
732471
738588
741545
822
944
1204
1486
1720
1863
2100
2110
2212
3175
3338
3360
3519
3552
3908
4781
4847
4924
5020
5143
5145
5248
5335
5496
5786
5797
5933
6063
6647
7236
7304
7350
7358
8034
8035
8405
8568
8709
9301
9572
10145
10278
10302
10682
10860
11054
11088
11284
12398
13551
13966
15504
16205
16834
17182
18106
18109
18736
18761
19356
19764
20086
20234
20429
20461
20826
20898
21275
22143
22627
22807
23135
23332
24443
24635
26031
26045
26192
26760
26817
27832
29429
31845
34826
35382
36284
37117
37672
38850
40267
40329
42335
43858
44200
44731
44916
45321
46624
46754
47149
48565
48850
49784
49819
49843
50328
52763
53637
53679
54509
54702
55548
55686
57193
58971
59170
59813
59850
63790
64770
65390
65407
65733
66146
66179
66400
68278
68348
69260
69668
71184
71828
72077
72994
73503
73575
74598
74604
79230
79375
80098
80259
82137
82158
83983
85490
85867
85953
86376
86595
86878
86909
87269
87309
87311
88213
88959
89769
90281
90377
90527
91210
92320
92371
92382
95174
96021
96072
96315
96536
96631
96744
100004
100897
101137
101396
102015
103882
104137
105140
105208
105355
105808
106538
108146
108289
109040
111737
111918
112312
114273
115026
115333
118459
119044
119047
120297
120354
120942
121931
122057
122285
124146
124272
124544
127565
127624
128338
129372
129989
131128
131507
133090
133173
136779
136874
137032
137044
137170
137485
137695
137911
138258
138325
138911
138937
140333
141018
141354
141424
141477
141487
141662
142547
143637
144861
144908
145745
147170
148064
148185
148209
149246
149703
150102
151932
151956
152564
152583
152667
152679
152705
152723
152742
152894
152895
152941
153195
153219
153953
153957
154244
154347
154453
154715
154783
155336
156185
156726
159368
159459
159518
162011
162058
162080
162195
162269
162385
162694
162723
162926
163000
163023
163191
163667
163692
163732
164184
164201
165139
165227
165958
167718
168791
169461
170013
170502
171486
172722
173069
173157
173508
174067
175114
177016
179583
181660
181771
181890
181951
182044
183878
184378
186393
186394
186408
187661
189008
189226
190119
190135
190166
190208
191925
193127
193193
193935
194093
194111
196256
197570
198752
198874
198994
200649
202102
202411
202433
203217
204131
204912
208617
209215
209545
209974
210665
212414
212878
213053
213152
214088
215188
215206
215609
216099
216644
216658
217172
217496
217517
217796
218101
218167
218831
218856
219015
221574
222008
222118
223071
224813
224926
225238
225312
225586
226142
227194
227224
228017
228179
228502
228695
228776
229007
229055
229059
230599
231100
231615
232864
234458
234488
242147
242191
246138
247517
248083
248190
248590
248835
250424
250458
250577
251398
251863
252091
253062
254460
255501
256004
256670
257395
257471
257744
261938
262667
263872
264310
265032
266551
266552
267136
267223
267605
267613
267804
267821
268279
269634
269779
269902
270158
271480
272402
272800
274896
275974
276397
276703
277142
277616
278327
278381
279136
279860
280636
280742
280744
281158
281371
283450
284422
284763
285574
285990
286021
286649
287312
287679
287702
288136
288541
288592
289227
289419
290035
290081
290517
291901
292793
293054
293726
294913
296318
297156
299438
301011
301964
302098
302207
302380
302898
303250
306173
306367
306421
306918
307971
308127
308273
308607
308933
309139
309203
309239
309741
310574
310737
311554
312543
312942
313342
314021
315384
315898
317333
317404
317766
317889
318160
318616
319421
319988
320378
320516
323179
325102
325864
325957
326315
326386
326505
327161
327687
328062
328477
328884
329436
329774
330809
330972
331438
331464
331471
331792
332471
332685
332775
333480
333889
333891
334123
334478
335263
335288
335679
335698
336051
336756
337053
337248
337252
338462
339233
339635
339797
339869
339882
339902
340092
340795
341275
342842
343158
344074
344146
345094
345705
345853
347349
347690
348442
348461
348502
349928
349933
350959
350962
353222
354030
354876
354952
356217
356394
358100
359543
360433
360563
361042
361532
361689
361861
362028
362310
362418
363028
363135
363223
363426
364568
364594
364662
364877
365246
365756
367251
367470
367684
367708
368400
369296
369486
369983
369986
371336
371399
373206
373393
374267
374734
375122
375142
375146
376542
376864
377180
377978
378151
378635
380128
380720
382004
382381
383165
385402
385622
385667
385843
386621
387793
388185
388259
388431
388497
388798
390654
390958
391151
393413
394130
394155
396707
396723
397237
397326
397474
399433
399446
399836
400245
400529
401857
401885
401998
402843
402845
404151
405349
405397
405562
407324
407338
407656
407740
408751
408752
408799
408982
409108
409256
409266
410177
410195
411280
411611
412515
413563
414071
414800
415034
415286
415913
416032
416567
416675
416694
416707
417210
417874
418162
418797
418929
418993
422048
422540
422655
422999
423083
423100
424333
424392
424425
426071
427147
427632
427878
428223
428537
428560
429382
429420
429471
429733
430529
431394
431456
431717
431760
432292
432589
433992
434111
434118
434147
434208
434313
435302
435441
435468
436042
436247
436325
436568
436798
436860
437313
437994
438116
439210
441058
441304
443713
443842
444627
445473
445775
445880
446826
446833
446924
447178
447381
447795
448972
450160
450237
450238
452639
453576
455192
455234
455311
455322
455332
455371
455415
455426
456853
457059
457266
457437
459119
459572
459872
461501
461830
461885
462041
462580
462736
463282
463663
463872
464577
465342
465402
465850
465894
467352
467372
468129
468738
468861
469356
469737
469750
469760
470004
470253
470309
471199
471325
471931
471984
472651
474129
474532
474554
474640
474829
475016
475220
475480
475665
477719
477762
478784
479342
480195
480823
480876
480934
480984
480997
481025
481027
481032
481070
481918
482055
482234
482505
483509
483563
485020
485823
486065
486692
486792
487580
487583
487896
488474
488645
488693
488803
488840
488871
489029
489203
489337
489501
490498
490621
491610
492700
493043
494654
494667
494706
494983
495098
495398
495858
495878
496214
496327
496467
500016
500029
500032
500040
500042
500045
500047
500064
500065
500072
500074
500082
500087
500089
500100
500103
500106
500107
500108
500109
500115
500149
500162
500165
500169
500172
500173
500218
500305
500409
500428
500430
500432
500441
500443
500444
500453
500458
500459
500490
500493
500515
500544
500573
500577
500583
500592
500645
500646
500648
500653
500659
500672
500676
500682
500685
500687
500689
500690
500696
500702
500703
500704
500723
500730
500744
500757
500794
500804
500841
500866
500867
500887
500902
500938
500943
500944
500954
500955
500956
501010
501013
501029
501034
501035
501036
501037
501069
501071
501085
501104
501105
501111
501126
501143
501145
501147
501148
501188
501191
501210
501216
501405
501418
501521
501528
501543
501544
501545
501549
501551
501566
501578
501579
501603
501607
501624
501675
501677
501691
501692
501697
501704
501707
501718
501751
501757
501773
501774
501775
501780
501788
501803
501805
501833
501835
501837
501839
501844
501874
501882
501885
501928
501937
501992
502003
502018
502024
502034
502054
502061
502066
502102
502140
502177
502202
502203
502205
502224
502248
502256
502264
502293
502303
502304
502311
502319
502320
502331
502345
502347
502357
502380
502394
502410
502425
502434
502446
502451
502452
502456
502457
502458
502467
502474
502477
502487
502488
502492
502523
502526
502532
502881
502973
503081
503393
503402
503416
503417
503418
503424
503427
503433
503471
503502
503579
503624
503630
503636
503643
503663
503664
503698
503701
503702
503703
503704
503722
503877
503878
503974
504111
504113
504236
504237
504245
504249
504263
504266
504355
504409
504411
504417
504443
504753
504763
504767
504769
504778
504792
504794
504823
504879
504994
505113
505138
505150
505180
505241
505256
505263
505265
505266
505302
505368
505369
505379
505383
505387
505388
505390
505391
505415
505416
505423
505435
505523
505526
505527
505534
505547
505583
505612
505618
505623
505645
505647
505707
505743
505744
505770
505772
505773
505780
505789
505790
505791
505802
505803
505808
505895
505966
505967
505989
505990
505991
505992
506006
506018
506019
506116
506118
506122
506123
506157
506158
506159
506172
506180
506221
506311
506360
506384
506392
506421
506425
506428
506431
506473
506496
506499
506515
506567
506615
507013
507084
507694
507714
507923
508125
508342
508625
508633
508653
508665
508671
508690
508701
508830
508833
508894
508914
508998
509013
509068
509243
509247
509313
509604
509671
509689
509692
509703
509720
509721
509731
509736
509948
510515
510522
510616
510705
510710
510767
510768
510769
510794
510800
510951
511040
511061
511062
511075
511085
511086
511090
511092
511112
511116
511167
511187
511191
511210
511213
511220
511221
511239
511273
511279
511292
511302
511364
511385
511394
511398
511399
511409
511414
511419
511434
511446
511447
511462
511463
511464
511465
511466
511469
511531
511543
511552
511553
511564
511588
511595
511613
511614
511621
511632
511653
511661
511664
511666
511671
511681
511712
511718
511728
511738
511763
511781
511827
511838
511865
512006
512019
512024
512044
512046
512064
512076
512124
512159
512160
512204
512214
512232
512234
512242
512321
512351
512419
512438
512444
512447
512461
512543
512652
512671
512872
513231
513304
513308
513326
513404
513408
513410
513415
513433
513443
513445
513446
513448
513486
513487
513491
513634
513816
514275
514290
514309
514317
514322
514409
514439
514441
514446
514465
514483
514491
514493
514511
514512
514513
514514
514551
514556
514573
514618
514619
514633
514638
514655
514695
514696
514707
514721
514735
514736
514739
514748
514769
514771
514782
514803
514804
514805
514812
514816
514818
514879
514884
514885
514887
514935
514938
514946
514982
514989
514993
514994
514999
515018
515020
515030
515051
515062
515063
515083
515085
515100
515173
515174
515175
515176
515177
515178
515181
515184
515188
515191
515192
515199
515213
515214
515219
515232
515233
515238
515258
515313
515319
515321
515325
515326
515342
515348
515349
515354
515397
515398
515399
515402
515403
515421
515428
515434
515435
515441
515442
515471
515472
515474
515488
515512
515529
515549
515551
515562
515576
515581
515588
515590
515594
515611
515614
515617
515645
515650
515661
515669
515675
515704
515735
515874
515882
515886
515899
515903
515918
515965
515982
515985
515986
516198
516200
516201
516203
516211
516314
516317
516499
516500
516564
516664
516680
516684
516731
516746
516751
516753
516783
516784
516802
516817
516819
516836
516845
516846
516864
516867
516885
516886
516894
516975
517004
517142
517290
517335
517547
517696
517699
517701
517705
517734
517748
517749
517764
517779
517801
517905
517919
517926
517927
517945
517959
517960
517961
517963
517992
517996
518116
518118
518130
518144
518156
518158
518159
518172
518188
518189
518222
518228
518229
518232
518244
518289
518290
518299
518300
518304
518305
518306
518321
518325
518344
518351
518357
518372
518386
518394
518396
518398
518400
518403
518487
518488
518489
518490
518492
518494
518495
518519
518524
518526
518529
518561
518627
518629
518631
518689
518690
518752
518793
518796
518801
518806
518818
518819
518824
518850
518868
518869
518925
518945
518946
518948
518999
519009
519035
519051
519089
519130
519132
519135
519140
519141
519147
519149
519150
519151
519247
519257
519258
519318
519330
519344
519437
519454
519509
519548
519550
519572
519577
519704
519752
519823
519869
519941
519944
519953
519958
519959
519960
520012
520051
520143
520148
520191
520212
520289
520395
520413
520668
520728
520730
520742
520743
520745
520747
520802
520898
520909
520910
520911
520912
520922
520926
520941
521013
521015
521016
521061
521131
521177
521178
521180
521257
521340
521346
521383
521742
521794
521802
521970
522185
522188
522194
522196
522257
522404
522405
522406
522409
522411
522433
522434
522440
522441
522442
522443
522444
522449
522967
523002
523061
523065
523066
523067
523073
523076
523089
523101
523102
523104
523105
523106
523107
523111
523115
523117
523120
523125
523260
523273
523364
523365
523369
523414
523803
523804
523904
524014
524052
524146
524413
524545
524859
525416
525565
525597
525598
525601
525602
525608
525609
525614
525615
525616
525619
525624
525629
525635
525636
525637
525639
526062
526068
526223
526224
526228
526229
526238
526239
526241
526244
526390
526465
526470
526479
526482
526719
526882
526883
526887
526900
526903
526907
526923
526976
527079
527080
527171
527172
527173
527184
527205
527206
527306
527592
527595
527596
527598
527967
527971
527975
527978
527979
527980
527981
527984
527985
527991
527992
528098
528099
528234
528279
528304
528305
528308
528309
528313
528314
528315
528316
528321
528323
528324
528325
528326
528371
528373
528421
528422
528488
528489
528490
528492
528662
528811
528993
529194
529196
529197
529205
529238
529247
529400
529402
529405
529410
529411
529412
529413
529438
529495
529565
529566
529567
529568
529569
529572
529573
529574
529576
529577
529945
529946
529948
529950
529951
529954
529955
529956
529957
529960
530098
530099
530100
530116
530135
530139
530149
530156
530158
530197
530217
530219
530220
530221
530228
530295
530302
530309
530312
530313
530360
530362
530365
530402
530403
530414
530415
530568
530632
530634
530646
530694
530695
530726
530751
530799
530818
530929
530957
531077
531130
531135
531138
531176
531227
531232
531239
531246
531248
531266
531273
531277
531295
531307
531310
531312
531337
531363
531369
531408
531487
531505
531536
531552
531605
531668
531674
531723
531729
531734
531817
531835
531844
531857
531858
531909
531925
532091
532154
532155
532166
532183
532184
532192
532397
532505
532683
532735
532814
532835
532888
532979
533009
533027
533028
533032
533041
533082
533084
533107
533229
533273
533323
533325
533343
533375
533438
533516
533544
533605
533606
533618
533620
533622
533863
533873
533894
533909
534008
534010
534011
534035
534107
534110
534111
534235
534438
534525
534663
535128
535253
535255
535260
535288
535291
535661
535710
535973
535975
536039
536040
536042
536043
536046
536050
536051
536104
536122
536142
536359
536361
536750
536787
536978
536981
536982
536985
537085
537128
537129
537132
537134
537139
537140
537322
537351
537469
537520
537581
537673
537811
537813
537846
537868
537998
538015
538530
538601
538604
538613
538616
538628
538630
538632
538636
538637
538754
538755
538757
538759
538760
538856
538944
539145
539299
539308
539354
539429
539439
539445
539446
539452
539454
539457
539639
539640
539641
539650
539651
539654
539657
539678
539750
539793
539810
539828
539893
539915
539919
539948
540060
540061
540063
540067
540132
540152
540213
540234
540236
540237
540287
540290
540292
540293
540312
540314
540316
540318
540477
540478
540479
540480
540484
540485
540506
540508
540633
540637
540666
540667
540702
540779
540914
540916
540917
540918
540919
540920
540921
540928
540929
540930
540959
541036
541037
541038
541039
541040
541043
541044
541220
541221
541223
541549
541556
541558
541559
541563
541569
541570
541571
541572
541608
541620
541665
541709
541718
541719
541723
541727
541728
541736
541743
541750
541923
541927
541928
541937
541942
541945
541946
541970
541973
542059
542086
542107
542149
542160
542194
542205
542224
542225
542266
542332
542336
542340
542361
542362
542427
542469
542481
542489
542580
542601
542602
542608
542612
542639
542727
542733
542803
542804
542805
542807
542809
542816
542845
542868
542869
542870
542872
542874
542890
542898
542899
542900
542902
542904
542911
542912
542914
542916
542917
542918
543166
543182
543186
543187
543473
543640
543657
543742
544077
544153
544246
544247
544248
544251
544255
544269
544295
544355
544363
544364
544379
544392
544393
544404
544421
544422
544431
544432
544433
544445
544446
544475
544477
544488
544490
544491
544493
544495
544553
544702
544720
544726
544732
544734
544735
544736
544737
544739
544748
544759
544773
544806
544833
544915
545139
545433
545655
545733
545802
546029
546244
546279
546328
546382
546425
546659
546696
546697
546702
546704
546713
546714
546728
546729
546730
546731
546736
546751
546770
546774
546914
546938
546940
547049
547086
547090
547229
547312
547456
547583
547584
547587
547590
547593
547604
547605
547606
547608
547609
547615
547618
547622
547623
547624
547652
548077
548080
548081
548083
548084
548347
548350
548352
548599
548600
548602
548623
548632
548644
548647
548681
548931
549012
549027
549088
549198
549372
549373
549395
549398
549402
549403
549406
549414
549417
549418
549614
549628
549652
549680
549708
549709
549803
549805
549806
549814
549815
549818
550001
550004
550006
550021
550100
550106
550111
550114
550116
550231
550232
550233
550235
550244
550258
550261
550585
550698
550701
550703
550714
550715
550746
550748
550749
550751
550752
550766
550833
550887
550890
550891
550901
550909
550917
550923
550924
550926
550927
550974
550977
550979
550982
551189
551191
551206
551337
551338
551341
551343
551346
551362
551698
551703
551704
551721
551722
551726
551801
551802
551803
551997
551998
551999
552000
552002
552005
552017
552018
552019
552020
552021
552032
552035
552036
552039
552046
552049
552050
552117
552119
552120
552236
552237
552238
552239
552242
552291
552292
552293
552297
552298
552300
552301
552305
552308
552323
552329
552344
552454
552574
552576
552578
552579
552580
552581
552583
552584
552609
552610
552614
552623
552624
552625
552821
553002
553184
553188
553190
553192
553193
553194
553195
553196
553197
553198
553199
553201
553202
553213
553214
553215
553217
553219
553220
553221
553222
553291
553294
553299
553300
553304
553305
553644
553650
553697
553789
553795
553797
553798
553804
553807
553808
553810
553811
553812
553815
553816
553819
553820
553825
553983
554084
554106
554111
554125
554127
554128
554134
554171
554174
554194
554206
554207
554214
554229
554237
554247
554268
554271
554282
554298
554322
554325
554443
554446
554447
554450
554458
554517
554528
554529
554533
554536
554551
554565
554584
554603
554607
554610
554622
554676
554677
554704
554718
554721
554734
554788
554836
554838
554839
555043
555169
555170
555183
555215
555513
555587
555663
555677
555779
555839
555886
555897
555898
555906
555908
555934
555936
555954
556043
556172
556187
556190
556229
556252
556337
556407
556538
556663
556714
556746
556747
556757
556761
556990
557270
557663
557712
557714
557715
557716
557717
557718
557719
557720
557730
557732
557733
557741
557743
557744
557746
557747
557748
557753
557757
557762
557786
557797
557800
557803
557864
557900
557905
557909
557910
558044
558116
558149
558200
558243
558298
558334
558364
558447
558575
558826
559102
559110
559113
559118
559119
559127
559131
559132
559133
559154
559156
559167
559168
559737
559751
559752
559762
559764
559768
559769
559784
559785
559787
559789
560134
560472
560473
560476
560477
560557
560786
560914
561071
561277
561375
561547
561550
561551
561552
561562
561564
561566
561567
561568
561570
561614
561616
561619
561986
561987
561988
561992
562010
562085
562096
562097
562100
562170
562236
562412
562413
562419
562426
562427
562566
562573
562574
562575
562576
562796
562799
562802
562813
562814
562820
563008
563027
563028
563033
563036
563098
563158
563164
563167
563178
563180
563181
563182
563183
563184
563185
563189
563192
563197
563210
563211
563212
563463
563834
563917
563918
563921
564011
564013
564018
564208
564210
564211
564213
564224
564225
564229
564230
564231
564233
564245
564246
564248
564249
564250
564261
564262
564263
564266
564284
564521
564524
564525
564526
564528
564530
564644
564650
564651
564874
565232
565236
565237
565238
565240
565241
565245
565248
565249
565250
565252
565254
565257
565258
565260
565262
565263
565264
565277
565288
565289
565480
565552
565560
565561
565562
565563
565564
565566
565568
565569
565574
565583
565584
565621
565628
565828
565838
565842
565844
565852
565857
565871
566109
566131
566281
566285
566287
566289
566293
566294
566296
566298
566300
566301
566310
566317
566416
566419
566420
566421
566422
566426
566427
566428
566429
566452
566453
566456
566457
566459
566460
566461
566497
566499
566516
566552
566555
566557
566569
566570
566573
566576
566579
566582
566583
566584
566586
566588
566630
566819
566833
566834
566836
566916
566919
566920
566921
566923
566925
566984
567012
567013
567014
567016
567056
567058
567067
567068
567090
567091
567092
567115
567129
567146
567268
567275
567276
567277
567376
567377
567398
567484
567487
567604
567615
567635
567642
567667
567668
567696
567712
567723
567728
567756
567807
567808
567810
567821
567830
567834
567934
567951
567973
567984
568070
568125
568138
568139
568141
568145
568147
568154
568344
568346
568348
568354
568358
568359
568364
568375
568405
568619
568654
568763
568772
568778
568782
568784
568790
568792
568795
568796
568800
568807
568884
568885
568906
568908
568915
568923
568924
569268
569335
569346
569431
569449
569473
569485
569486
569487
569490
569493
569494
569786
569787
569825
569855
569865
569869
569870
569872
569908
569980
570000
570100
570848
570864
570865
570867
570870
570875
570908
570911
570912
570913
570915
570916
570918
570970
571060
571099
571100
571101
571102
571103
571105
571108
571111
571119
571121
571122
571123
571131
571132
571152
571153
571208
571209
571236
571246
571248
571254
571256
571258
571260
571264
571265
571318
571373
571451
571475
571622
571626
571629
571677
571948
571999
572000
572002
572009
572015
572053
572202
572211
572212
572214
572215
572319
572349
572396
572497
572590
572707
572742
572746
572747
572748
572752
572754
572756
572763
572764
572765
572766
572771
572786
572787
572873
572875
572879
572880
572881
572977
573020
573027
573040
573042
573344
573346
573347
573348
573702
573775
573839
573854
573964
573975
574004
574006
574068
574070
574073
574075
574107
574109
574192
574193
574202
574210
574212
574215
574217
574218
574220
574221
574323
574326
574366
574367
574385
574421
574422
574429
574813
575031
575057
575060
575070
575075
575076
575079
575083
575091
576370
576419
576426
576428
576431
576453
576562
576564
576571
576575
576580
576582
576723
576834
576837
576838
576839
576841
576852
577248
577254
577343
577344
578047
578069
578071
578073
578081
578083
578089
578090
578091
578095
578096
578230
578369
578469
578679
578681
578931
579014
579073
579152
579154
579155
579156
579157
579158
579169
579170
579175
579255
579361
579431
579478
579600
579807
579809
579813
579828
579831
579836
579837
579855
579856
579857
579858
579859
579860
579861
579862
579864
579865
579924
580293
580370
580371
580372
580374
580377
580378
580380
580422
580685
580686
580687
580689
580695
580698
580700
580875
580876
580878
580880
580883
580891
580908
580922
580924
580928
580937
580938
581253
581279
581280
581288
581372
581740
581955
581956
581957
581958
581959
582184
582185
582187
582214
582217
582228
582769
583062
583063
583064
583067
583082
583122
583124
583129
583130
583133
583141
583142
583466
583470
583471
583475
583496
583502
583503
583808
583850
583892
583895
583901
583904
584197
584208
584402
584526
584575
584585
584679
584682
584688
584694
585253
585398
586024
586193
586194
586440
586752
586763
586764
587231
587506
587507
587508
588344
588799
588802
588817
588827
588831
588837
588838
589232
589357
590050
590078
590213
590258
590441
590799
591176
591348
591464
591533
591536
591542
591543
591700
592028
592029
592058
592062
592064
592132
592169
592170
592181
592202
592241
592242
592243
592244
592245
592247
592261
592266
592303
592306
592308
592312
592387
592389
592391
592393
592395
592396
592436
592452
592453
592454
592456
592533
592535
592573
592580
592587
592593
592596
592680
592696
592747
592757
592943
592989
592991
593014
593095
593306
593307
593309
593312
593317
593321
593324
593326
593329
593382
593404
593405
593414
593416
593417
593419
593428
593435
593621
593622
593625
593627
593660
593661
593778
593782
593849
593966
594067
594069
594070
594071
594072
594079
594083
594084
594090
594095
594096
594299
594708
594812
594813
594814
594968
594969
594971
594973
594974
594975
594977
594979
595018
595020
595021
595023
595029
595031
595032
595035
595040
595041
595042
595044
595045
595084
595127
595238
595281
595309
595507
595574
595660
595663
595671
595672
595674
595678
595680
595681
595687
595725
595768
595784
595787
595788
595790
595791
595792
595793
595794
595835
595914
595915
596058
596083
596085
596087
596106
596251
596290
596292
596294
596295
596301
596516
596518
596521
596523
596524
596525
596526
596527
596532
596533
596535
596815
596846
596864
597087
597111
597112
597118
597124
597125
597130
597144
597148
597191
597199
597200
597202
597205
597206
597208
597210
597548
597549
597550
597560
597562
597564
597566
597569
597571
597572
597587
597590
597599
597621
597622
597624
597625
597627
597632
597703
597710
597719
597791
597792
597850
597851
597862
597867
597868
597896
597897
597899
597900
597906
597907
597908
597925
597965
597968
597971
598016
598017
598027
598028
598042
598046
598048
598119
598120
598145
598146
598147
598158
598170
598249
598250
598251
598252
598353
598354
598355
598379
598380
598387
598538
598633
598639
598640
598641
598643
598652
598653
598656
598657
598676
598708
598710
598746
598748
598749
598754
598894
598904
598906
598907
598911
598970
599035
599102
599106
599110
599111
599113
599115
599116
599836
599837
599849
599850
599851
599856
599876
599877
599878
600014
600016
600018
600019
600099
600101
600255
600256
600258
600259
600260
600410
600412
600413
600900
600934
600935
600938
600973
600980
601214
601215
601217
601218
601252
601254
601289
601290
601318
601331
601337
601338
601355
601356
601407
601474
601475
601476
601480
601485
601535
601557
601561
601563
601686
601687
601695
601775
601776
601783
601802
601805
601817
601818
601819
601866
601870
601900
601911
601912
601913
601976
601985
601987
602051
602127
602129
602256
602504
602547
602548
602549
602550
602565
602574
602575
602577
602581
602582
602666
602712
602741
602747
602803
602810
602829
602830
602834
602835
602852
602853
602855
602871
602875
603010
603012
603018
603020
603031
603060
603062
603063
603071
603088
603186
603187
603188
603194
603282
603369
603376
603379
603421
603451
603655
603672
603674
603694
603732
603771
603851
603952
603974
603976
603977
603978
603982
603984
603986
603991
604003
604025
604027
604065
604122
604189
604201
604252
604307
604335
604379
604380
604385
604402
604412
604424
604454
604476
604512
604513
604525
604648
604653
604693
604703
604705
604784
604785
604798
604813
604852
604862
604867
605011
605081
605101
605120
605187
605255
605309
605317
605330
605397
605403
605405
605727
605732
605879
605980
606019
606020
606021
606044
606124
606130
606160
606199
606207
606209
606210
606225
606226
606230
606257
606267
606283
606284
606306
606509
606640
606701
606729
606845
606852
606891
606930
606932
607028
607039
607085
607143
607252
607449
607454
607587
607588
607590
607593
607743
607904
608113
608225
608226
608229
608259
608270
608285
608307
608386
608388
608394
608472
608474
608475
608476
608477
608478
608565
608572
608576
608730
608741
608910
608913
608914
608920
608923
608924
608925
609163
609164
609208
609325
609394
609395
609398
609467
609532
609533
609672
609864
609868
609869
609988
610015
610117
610414
610420
610421
610423
610427
610577
610578
610668
610844
610949
611266
611382
611389
611429
611432
611466
611571
611572
611577
611594
611596
611599
611611
611612
611697
611706
611934
611937
611938
611957
611960
611990
611992
612183
612227
612373
612375
612715
612727
612747
612773
612804
612805
612823
612828
612917
612926
612936
612937
612939
612941
613004
613122
613125
613126
613127
613128
613129
613134
613135
613193
613200
613223
613227
613244
613292
613295
613296
613311
613399
613403
613404
613405
613406
613408
613492
613493
613494
613496
613498
613514
613518
613519
613520
613521
613523
613526
613527
613528
613616
613617
613659
613766
613767
613775
613778
613779
613781
613783
613877
613878
613879
613881
613883
613884
613885
613887
613967
613972
614116
614232
614234
614235
614245
614247
614296
614330
614453
614454
614455
614456
614579
614582
614647
614709
614710
614781
614782
614784
614785
614786
614854
614855
614862
614863
614892
614898
614954
614960
615058
615064
615067
615073
615081
615082
615083
615087
615090
615091
615137
615161
615183
615184
615185
615186
615242
615244
615245
615289
615290
615294
615296
615297
615396
615559
615561
615568
615570
615574
615576
615589
615592
615594
615605
615608
615610
615611
615612
615634
615635
615638
615661
615662
615663
615665
615666
615678
615704
615708
615743
615745
615749
615756
615757
615760
615841
615875
615878
615889
615941
615955
615958
615959
615960
615962
615963
616043
616045
616049
616053
616172
616173
616175
616176
616200
616215
616237
616240
616242
616245
616247
616313
616314
616400
616401
616404
616406
616416
616418
616451
616454
616461
616508
616509
616510
616512
616514
616519
616561
616563
616715
616724
616725
616736
616741
616742
616745
616748
616750
616752
616756
616757
616794
616798
616800
616801
616833
616834
616891
616892
616896
616924
616926
616975
616978
616979
617055
617264
617329
617335
617336
617364
617366
617368
617434
617745
617787
617840
617843
617893
617894
617936
617942
618026
618028
618035
618048
618090
618093
618097
618098
618123
618137
618187
618202
618224
618315
618321
618322
618350
618358
618361
618363
618455
618474
618478
618484
618672
618697
618698
618699
618700
618702
618754
618755
618756
618797
618801
618806
618822
618960
618965
619013
619014
619017
619018
619059
619074
619076
619077
619078
619109
619111
619119
619127
619129
619132
619179
619322
619352
619367
619374
619449
619456
619488
619533
619572
619574
619575
619576
619579
619596
619598
619599
619600
619601
619602
619668
619708
619856
619860
619861
619920
619937
619938
620064
620111
620138
620160
620295
620296
620363
620384
620385
620386
620472
620515
620638
620723
620724
620725
620744
620824
621082
621096
621098
621099
621100
621321
621322
621323
621324
621329
621689
621970
622023
622025
622129
622130
622131
622132
622133
622138
622437
622812
622847
622885
622961
622962
622963
622964
622965
623200
623217
623227
623290
623369
623677
623682
623913
623915
623917
623921
623986
624022
624023
624026
624045
624118
624130
624131
624234
624316
624609
624683
624726
624733
624736
624737
624738
624739
624740
624741
624743
625083
625110
625412
625413
625416
625417
625440
625441
625577
625636
625753
625755
625763
625764
625839
625923
625925
625930
625931
625937
625946
625950
626130
626131
626132
626176
626209
626210
626212
626213
626320
626321
626326
626338
626416
626604
626710
626713
626714
626715
626716
626717
626725
626727
626729
626731
626926
627070
627079
627089
627113
627115
627184
627383
627388
627418
627559
627560
627572
627803
627910
627912
627917
627918
627921
628281
628286
628289
628290
628291
628406
628408
628411
628414
628425
628426
628427
628428
628429
628432
628516
628608
628620
628638
628640
628641
628642
628666
628667
628674
628678
628679
628680
628691
628692
628704
628738
628740
628784
628794
628864
628869
628873
628925
628931
628966
628967
629119
629121
629186
629187
629188
629190
629193
629222
629243
629282
629283
629285
629312
629313
629319
629413
629531
630194
630746
630747
630749
630810
630833
630836
630837
630838
630881
630882
630885
630888
630892
630893
630897
630948
630962
630963
630967
630968
630970
631130
631131
631269
631313
631316
631339
631380
631406
631506
631596
631696
631698
631699
631716
631718
631721
631724
631729
631732
631736
632105
632150
632157
632164
632166
632191
632192
632473
632554
632556
632558
632559
632560
632563
632567
632568
632622
632872
633172
633195
633200
633201
633203
633204
633205
633206
633207
633210
633212
633213
633214
633273
633274
633340
633341
633342
633349
633350
633386
633387
633427
633447
633465
633470
633543
633546
633599
633628
633630
633642
633643
633651
633693
633694
633750
633751
633844
633874
633875
633876
633877
633879
633994
633997
633998
634000
634001
634003
634005
634008
634010
634013
634152
634153
634346
634347
634417
634420
634436
634475
634476
634479
634507
634611
634612
634616
634619
634620
634622
634655
634703
634705
634832
634909
634944
634948
634949
635042
635044
635045
635046
635047
635117
635137
635142
635146
635147
635228
635229
635271
635693
635706
635792
635795
635796
635822
635827
635829
635860
635868
635879
635910
637565
638226
638363
638384
638394
638415
638417
638425
638432
638457
638460
638529
638563
638565
638566
638567
638568
638570
638613
638616
638621
638623
638624
638673
638676
638683
638723
638747
638748
638945
638988
639003
639008
639009
639010
639047
639050
639051
639159
639161
639173
639174
639187
639190
639227
639228
639236
639238
639300
639302
639349
639351
639370
639381
639383
639390
639414
639453
639531
639532
639587
639625
639626
639683
639685
639718
639740
639742
639772
639805
639809
639826
639848
639849
639850
639875
639998
640045
640049
640050
640051
640089
640090
640138
640140
640156
640225
640294
640373
640456
640460
640461
640516
640520
640534
640738
640882
640960
640961
640972
640973
640979
641046
641047
641134
641382
641384
641385
641507
641553
641576
641799
641801
641811
641813
641859
641861
641870
641871
641874
641878
641901
641915
641916
641918
641921
641922
641936
642054
642055
642143
642145
642160
642171
642173
642248
642249
642303
642306
642311
642312
642313
642374
642393
642423
642498
642654
642657
642658
642660
642662
642666
642671
642920
642921
642945
642954
643018
643022
643024
643028
643029
643031
643033
643034
643042
643043
643044
643057
643058
643060
643103
643104
643109
643190
643349
643502
643812
643820
643823
643826
643871
643872
643876
643878
643879
643880
643882
643894
643902
643905
643910
643915
643991
643992
644150
644153
644332
644565
644566
644574
644576
644578
644580
644584
644761
644817
644824
644855
645043
645109
645140
645141
645142
645213
645243
645248
645252
645360
645370
645376
645436
645456
645459
645460
645461
645463
645469
645471
645472
645474
645498
645500
645514
645515
645531
645537
645540
645541
645547
645548
645586
645587
645588
645604
645606
645619
645638
645682
645693
645733
645737
645738
645740
645768
645769
645775
645776
645777
645779
645788
645789
645790
645842
645843
645845
645847
645864
645868
645869
645876
645878
645891
645903
645905
645908
645909
645912
645918
645919
645920
645957
645958
646060
646068
646258
646327
646409
646410
646414
646417
646420
646432
646434
646435
646437
646454
646456
646457
646601
646608
646639
646899
646908
646985
647018
647019
647020
647030
647139
647141
647154
647155
647156
647161
647163
647165
647166
647182
647209
647211
647243
647244
647246
647247
647248
647250
647363
647504
647596
647719
647720
647789
648191
648192
648557
648584
648620
648621
648727
648736
648737
648738
648739
648740
648741
648742
648754
648756
648757
648759
648885
648886
648887
648911
648912
648913
648914
648915
648916
649013
649058
649060
649062
649068
649070
649085
649086
649127
649130
649156
649157
649158
649159
649162
649409
649411
649412
649414
649415
649452
649460
649462
649468
649469
649565
649566
649568
649571
649572
649679
649717
649742
649755
649775
649781
649782
649809
649810
649917
649919
649925
649927
649928
649930
649931
649936
650035
650036
650037
650042
650078
650086
650087
650129
650161
650164
650167
650168
650170
650171
650172
650174
650181
650222
650264
650266
650280
650286
650289
650294
650302
650303
650484
650490
650770
650773
650774
650777
650780
651032
651034
651035
651051
651053
651059
651067
651403
651405
651409
651417
651463
651464
651552
651553
651554
651555
651556
651664
651667
651668
651674
651675
651827
651828
651830
651867
651868
651870
651904
651905
651906
651907
651908
651912
651918
651987
651991
651994
652145
652147
652148
652149
652157
652159
652160
652161
652169
652195
652196
652198
652199
652221
652266
652268
652270
652324
652325
652335
652444
652473
652478
652480
652482
652597
652603
652604
652605
652680
652713
652715
652717
652718
652723
652726
652728
652729
652730
652732
652733
652734
652816
652820
652826
652827
652828
652859
652860
652862
652863
652864
652867
652872
652873
652895
652914
652936
652957
652958
652959
652960
652961
652962
652966
652967
652969
652975
652983
652984
652987
652990
652991
652993
652994
653002
653003
653473
653474
653475
653904
653905
653911
653912
653913
653918
653927
653974
654006
654008
654009
654011
654013
654220
654221
654222
654299
654301
654305
654308
654309
654318
654321
654324
654339
654340
654343
654344
654345
654412
654413
654440
654472
654474
654476
654509
654510
654511
654512
654520
654523
654524
654525
654526
654527
654533
654534
654536
654540
654541
654545
654546
654549
654550
654551
654553
654555
654557
654558
654559
654560
654563
654565
654570
654573
654575
654579
654581
654582
654585
654587
654588
654589
654590
654591
654593
654595
654602
654603
654634
654659
654663
654824
654827
654829
654834
654912
654915
654920
654930
654931
654936
654937
654992
655254
655257
655279
655307
655308
655315
655522
655550
655565
655568
655573
655576
655577
655638
655658
655659
655810
655815
655829
655836
655837
655842
655995
656001
656002
656003
656010
656018
656083
656084
656085
656103
656104
656105
656234
656329
656346
656347
656348
656349
656351
656354
656355
656435
656438
656443
656625
656694
656695
656783
656824
656831
656840
656841
656896
656897
656898
656911
656915
656933
656943
656944
656987
656994
656998
657003
657006
657007
657009
657010
657115
657116
657117
657119
657121
657293
657368
657372
657373
657380
657467
657472
657473
657595
657607
657613
657617
657618
657620
657677
657678
657679
657687
658038
658151
658165
658174
658183
658184
658186
658208
658218
658250
658262
658266
658267
658268
658305
658640
659076
659166
659484
659600
659611
659613
659823
660025
660030
660062
660085
660188
660254
660266
660270
660652
660812
660886
661026
661033
661040
661073
661287
661356
661650
661677
661689
661697
661699
661886
662017
662030
662067
662141
662206
662230
662239
662258
662297
662304
662384
662661
662713
662718
662720
662729
662958
662965
663095
663147
663383
663441
663509
663555
663572
663642
663708
663709
663840
663884
663885
663887
663889
663891
663904
664009
664370
664406
664494
664711
664740
664840
664841
664856
664890
665092
665142
665303
665510
665692
665701
665702
665711
665867
665950
665952
665953
665954
665956
665960
665967
665971
665976
665979
666120
666492
666523
666557
666560
666562
666581
666583
666597
666622
666624
666626
666896
667035
667254
667255
667259
667260
667265
667268
667314
667370
667384
667386
667502
667503
667506
667520
667522
667523
667558
667559
667569
667571
667572
667629
667630
667791
667872
667896
667900
667901
667903
667906
667907
668062
668259
668451
668671
668672
668677
668680
668681
668685
668686
668688
668693
668699
668710
668712
668713
668714
668715
668725
668728
668742
668744
668748
668749
668829
668836
668843
668854
668914
669240
669241
669242
669243
669250
669252
669255
669303
669459
669460
669476
669477
669482
669486
669492
669499
669737
669739
669911
669935
669937
670055
670072
670108
670117
670172
670173
670179
670180
670182
670186
670189
670190
670193
670363
670407
670501
670514
670522
670524
670541
670542
670547
670554
670555
670634
670638
670759
670761
670766
670834
670870
670875
671061
671067
671153
671154
671159
671160
671162
671163
671168
671383
671454
671455
671458
671460
671481
671484
671617
671635
671726
671738
671740
671742
671744
671745
671746
671748
671752
671765
671766
671767
671768
672151
672215
672217
672218
672220
672230
672234
672236
672238
672239
672248
672268
672270
672683
672722
672732
672734
672735
672738
672739
672856
672872
672873
672879
672987
672989
673033
673107
673136
673184
673189
673241
673390
673530
673536
673611
673620
673624
673641
673645
673659
673667
673673
673819
674167
674244
674248
674262
674264
674693
674696
674698
674840
674852
675259
675260
675271
675277
675279
675283
675287
675297
675313
675319
675320
676279
676281
676282
676286
676295
676312
676313
676321
676336
676340
676343
676344
676345
676348
676351
676352
676353
676379
676388
676390
677019
677146
677186
677209
677215
677218
677234
677235
677236
677240
677246
677247
677253
677348
677349
677354
677355
677426
677443
677445
677446
677451
677453
677456
677458
677466
677467
677552
677561
677562
677572
677573
677618
677619
677623
677629
677635
677640
677641
677646
677653
677781
677785
677787
677793
677826
677829
677831
677833
677834
677840
677854
677855
677857
677860
677861
677863
677869
677897
677972
678105
678204
678450
678452
678458
678460
678461
678464
678466
678467
678472
678474
678476
678481
678483
678485
678487
678814
679650
679810
680056
680105
680112
680113
680155
680163
680164
680165
680166
680168
680169
680170
680171
680172
680174
680176
680178
680179
680182
680185
680187
680979
681342
681344
681345
681348
681349
681360
681361
681362
682377
682650
684253
684317
684318
684321
685814
685816
685824
685827
685828
685831
685832
685834
685835
685838
685841
685842
685844
685846
685852
685857
685858
685860
685862
685882
685883
685884
685886
685887
685889
685898
685901
685916
685919
685923
685929
685934
685937
685944
685945
685951
685964
685965
685968
685969
685971
686178
686182
686185
686186
686188
686189
686190
686196
686198
686200
686202
686230
686234
686237
686379
686383
686385
686389
686390
686393
686394
686395
686396
686397
686398
686399
686405
686406
686734
686960
687001
687009
687016
687017
687018
687019
687029
687030
687441
687442
687446
687447
687453
687454
687455
687456
687457
688268
688276
688279
688280
688281
688291
688468
688513
688520
688521
688586
688587
688588
688599
688600
688601
688604
688605
688606
688607
688608
688614
688623
688627
688632
688636
688786
688804
688888
688890
688893
688904
688954
688955
688957
688958
688961
688962
688963
688965
688966
688967
688968
688970
688971
689035
689036
689049
689051
689058
689059
689061
689062
689063
689064
689065
689068
689069
689539
689540
689541
689544
689546
689547
689549
689550
689685
689693
689694
689698
689700
689702
689703
689704
689706
689707
689716
689717
689718
689719
689724
689730
689731
689733
689734
689736
689737
689745
689749
689751
689752
689753
689754
689756
689757
689759
689765
689774
689783
690145
690146
690147
690153
690161
690163
690166
690167
690169
690177
690179
690183
690186
690200
690202
690203
690206
690240
690241
690242
690261
690804
690846
691175
691176
691177
691179
691256
691283
691284
691289
691290
691291
691294
691621
691623
691624
691629
691630
691631
691639
691643
691644
691645
691647
691648
691650
691706
691708
691709
691740
691743
691746
691747
691748
691752
691753
691762
691763
692256
692271
692276
692287
692296
692310
692315
692329
692330
692333
692334
692335
692337
692340
692343
692346
692347
692418
692421
692422
692423
692424
692431
692432
692433
692436
692438
692441
692445
692447
692449
692451
692456
692457
692460
692479
692480
692671
692678
692680
693412
693413
693428
693731
693734
693735
693736
693811
693818
693820
693821
693863
693864
693870
693871
693872
693877
693880
693881
693883
693893
693920
693923
693930
693934
693935
693938
693943
693945
693946
693951
693952
693953
693962
693968
693970
693971
693983
694021
694049
694051
694052
694054
694057
694225
694226
694230
694239
694241
694289
694622
694624
694625
694627
694628
694629
694631
694632
694637
694638
694639
694641
694642
694643
694644
694645
694648
694952
694954
694958
694963
694964
694966
694980
694983
694988
694997
694999
695002
695224
695225
695227
695249
695259
695261
695262
695263
695264
695265
695266
695271
695272
695273
695274
695275
695291
695303
695338
695339
695340
695341
695342
695354
695359
695388
695426
695457
695459
695460
695464
695465
695466
695470
695471
695506
695686
695824
695964
696058
696059
696060
696061
696062
696063
696131
696136
696664
696744
696746
696882
696884
696890
696892
696914
696918
696928
696929
696944
697012
697028
697029
697036
697038
697040
697107
697150
697158
697386
697388
697390
697391
697396
697411
697461
697463
697466
697576
697892
697901
697914
697960
697961
698026
698053
698056
698523
698524
698527
698531
698532
698539
698540
698610
698636
698937
698938
698939
698940
698942
698948
698961
698977
699217
699254
699268
699283
699296
699297
699304
699322
699327
699333
699374
699375
699378
699379
699383
699436
699448
699455
699459
699468
699473
699474
699476
699694
699742
699743
699744
699752
699753
699755
699757
699759
699761
699765
699766
699767
699769
699771
699775
699780
699789
699875
699887
700023
700037
700095
700208
700222
700269
700273
700288
700364
700384
700394
700395
700397
700400
700412
700413
700416
700419
700420
700422
700426
700427
700496
700688
700888
701007
701011
701067
701078
701525
701534
701535
701576
701579
701580
701581
701582
701583
701587
701592
701594
701599
701623
701678
701681
701693
701694
701775
701780
701821
701839
701860
701863
701868
701885
701890
701892
702006
702027
702028
702029
702031
702033
702034
702062
702065
702074
702077
702080
702094
702097
702105
702424
702888
702901
702904
702905
702908
702929
702930
702958
702959
702969
703049
703052
703072
703209
703221
703222
703228
703234
703236
703237
703269
703405
703623
703756
703759
703761
703770
703773
703778
703779
703780
703939
704036
704138
704150
704200
704264
704265
704268
704437
704487
704488
704601
704620
704625
704627
705119
705121
705122
705129
705143
705147
705307
705308
705309
705398
705402
705469
705471
705474
705476
705479
705481
705483
705494
705498
705499
705501
705502
705506
705514
705517
705519
705521
705557
705779
705832
705835
705836
705838
705840
705841
705842
705843
705845
705850
705852
705856
705868
705878
705879
705884
706185
706186
706187
706196
706205
706208
706211
706213
706239
706386
706552
706553
706556
706561
706589
706620
706630
706649
706672
706673
706676
706684
706695
706702
706703
706704
706705
706707
706712
706714
706715
706716
706720
706721
706759
706794
706795
706838
706861
706867
706868
706869
706879
706883
706885
706887
706888
706895
706896
706897
706903
707090
707092
707093
707094
707096
707098
707099
707101
707102
707217
707807
707809
707810
707811
707819
707833
707834
707836
707837
707838
707985
708065
708216
708222
708230
708232
708233
708234
708652
708654
708657
708659
708662
708667
708669
708683
708728
708735
708835
709149
709154
709156
709157
709161
709164
709274
709284
709285
709299
709301
709303
709308
709309
709310
709358
709359
709363
709364
709476
709478
709482
709483
709484
709485
709489
709492
709497
709498
709500
709505
709508
709512
709517
709520
709523
709524
709560
709565
709581
709584
709586
709587
709589
709598
709600
709605
709624
709678
709679
709682
709685
709686
709757
709758
709765
709773
709775
709776
709777
709778
709787
709788
709790
709794
710230
710231
710232
710233
710234
710235
710238
710239
710243
710245
710248
710250
710254
710263
710269
710270
710271
710272
710273
710792
710801
710807
710970
710975
710978
710983
710989
710990
710995
710997
711002
711009
711011
711012
711013
711014
711016
711017
711098
711238
711239
711244
711245
711246
711256
711261
711263
711265
711419
711428
711429
711432
711434
711437
711443
711444
711445
711447
711449
711525
711526
711531
711541
711545
711551
711552
711554
711555
711556
711562
711568
711681
711846
711850
711851
712153
712402
712750
712780
712864
712868
712869
712870
712871
712873
712875
712878
712879
712881
712882
712888
712889
712891
712894
712895
712896
712906
712907
712909
712910
712912
712914
712915
712919
712923
712927
712932
712934
712935
712936
712937
712940
713693
713698
713699
713700
713726
713727
713728
713729
713730
713738
713740
713744
714052
714056
714063
714064
714075
714076
714077
714080
714081
714082
714083
714087
714088
714089
714106
714110
714112
714115
714251
714512
714517
714521
714523
714525
714527
714528
714536
714539
714542
714543
714545
714549
714550
714552
714555
714556
714559
714560
714561
714563
714664
714669
714764
714769
714772
714785
714789
714790
714794
714795
714796
714804
714805
714819
714821
714822
714823
714999
715000
715103
715104
715106
715125
715126
715135
715143
715144
715146
715147
715148
715152
715153
715156
715158
715159
715160
715162
715163
715511
715512
715514
715515
715516
715517
715520
715521
715532
715534
715539
715542
715546
715548
715552
715553
715554
715555
715642
715643
715648
715650
715662
715665
715666
715668
715671
715673
715989
715992
715995
715998
716008
716011
716012
716014
716021
716022
716026
716030
716034
716035
716038
716043
716785
716786
716792
716796
716798
716802
716803
716804
716805
716808
716809
716818
716821
716822
716823
716826
716827
716829
716839
716841
716842
716843
716844
716845
716847
716849
717241
717331
717435
717453
717454
717455
717456
717479
717480
717482
717487
717488
717492
717497
717498
717503
717531
717532
717533
717549
717552
717554
717636
717640
717646
717647
717650
717651
717652
717653
717656
717657
717659
717662
717663
717665
717667
717668
717669
717670
717672
717673
717675
717676
717677
717678
717679
717680
717681
717683
717684
717685
717688
717691
717692
717697
717699
717712
718164
718167
718168
718410
718457
718507
718508
718516
718521
718526
718527
718528
718529
718530
718531
718532
718533
718534
718535
718536
718537
718553
718554
718555
718556
718557
718558
718561
718563
718565
718567
718568
718569
718570
718571
718572
718573
718574
718584
719084
719380
719721
720486
720487
720489
720490
720491
720493
720494
720498
720503
720512
720840
720841
720842
720844
720845
720850
720851
720856
720861
721013
721020
721021
721026
721027
721065
721066
721068
721069
721071
721073
721074
721075
721087
721088
721090
721095
721096
721099
721101
721102
721103
721154
721156
721303
721362
721363
721375
721376
721399
721400
721409
721411
721416
721417
721419
721469
721623
721625
721627
721629
721633
721634
721635
721637
721700
721701
721710
721716
721726
721727
721768
721772
721774
721777
721781
721784
721790
721791
721792
721868
721870
721871
721947
721949
721952
721967
721969
721972
721973
722065
722139
722140
722141
722142
722144
722149
722210
722217
722218
722222
722270
722271
722272
722275
722278
722279
722280
722281
722285
722313
722316
722324
722339
722346
722377
722380
722398
722399
722408
722409
722410
722413
722435
722436
722442
722445
722447
722448
722515
722516
722518
722519
722523
722524
722535
722538
722539
722547
722550
722557
722561
722562
722565
722574
722576
722578
722906
722921
722932
722933
722941
722943
723013
723023
723027
723037
723068
723070
723080
723083
723084
723090
723091
723092
723264
723267
723282
723295
723343
723362
723365
723375
723385
723471
723478
723506
723518
723526
723527
723533
723535
723537
723538
723540
723542
723544
723611
723703
723713
723714
723718
723722
723723
723777
723796
723806
723811
723868
723873
723879
723882
723885
723887
723898
723920
723921
723922
723997
724010
724012
724013
724014
724171
724172
724173
724178
724297
724300
724304
724322
724326
724332
724334
724336
724337
724466
724469
724470
724477
724619
724719
724720
724721
724722
724861
724862
724863
724864
724873
724875
724876
724877
724890
724919
725176
725269
725271
725274
725279
725280
725281
725294
725782
725849
725851
725852
725854
725867
725868
725869
725871
725873
726121
726125
726128
726129
726137
726141
726142
726143
726147
726165
726166
726169
726170
726171
726178
726179
726183
726187
726188
726191
726193
726342
726396
726401
726403
726404
726405
726413
726490
726491
726493
726495
726496
726501
726505
726506
726507
726515
726517
726518
726547
726550
726551
726553
726573
726590
726591
726592
726593
726594
726601
726602
726604
726606
726607
726610
726611
726612
726613
726627
726628
726629
726631
726636
726638
726793
726843
726913
726951
726978
727039
727060
727115
727230
727231
727232
727236
727237
727241
727247
727248
727253
727268
727271
727272
727276
727370
727377
727379
727381
727382
727390
727391
727394
727397
727404
727407
727408
727409
727410
727466
727483
727485
727491
727492
727494
727496
727497
727503
727505
727507
727524
727525
727526
727529
727569
727679
727687
727784
727786
727797
727799
727807
727809
727814
727823
727826
727829
727830
727841
727842
727956
728091
728112
728116
728117
728120
728125
728126
728127
728129
728140
728148
728151
728152
728155
728224
728225
728228
728244
728245
728246
728248
728254
728255
728428
728620
728624
728625
728626
728725
728726
728804
728805
728807
728808
728809
728877
728879
728881
728890
728891
728893
728904
728905
728932
729065
729137
729144
729278
729349
729466
729474
729488
729489
729497
729636
729704
729731
729953
729954
729987
730043
730073
730074
730079
730085
730100
730116
730123
730131
730162
730231
730522
730545
730619
730694
730776
730778
730784
730785
730786
730793
730795
730799
730807
730808
730809
730810
730811
730812
730816
730825
730827
730828
730829
730832
730839
730850
730851
730854
730864
730865
730869
730870
730877
730879
730880
730893
730904
730905
730907
730908
730909
730920
730924
731002
731005
731091
731092
731093
731096
731114
731115
731116
731117
731123
731124
731125
731126
731127
731128
731129
731130
731131
731133
731140
731142
731147
731148
731150
731152
731162
731173
731174
731191
731192
731195
731255
731257
731258
731263
731264
731270
731271
731272
731284
731288
731292
731294
731300
731302
731317
731322
731326
731328
731329
731388
731612
731722
731855
731857
731858
731963
731964
731966
731983
731984
731985
731987
731989
731992
732018
732020
732029
732036
732201
732202
732209
732214
732249
732253
732282
732294
732300
732301
732302
732308
732310
732311
732312
732314
732316
732317
732319
732326
732337
732339
732357
732361
732364
732382
732385
732386
732388
732427
732428
732429
732440
732441
732444
732472
732476
732480
732510
732511
732549
732562
732563
732573
732577
732578
732581
732582
732589
732590
732591
732592
732593
732594
732595
732686
732690
732691
732695
732696
732697
732700
732704
732761
732762
732783
732784
732785
732786
732787
732789
732795
732798
732799
732800
732802
732803
732817
732827
732831
732857
732859
732862
732867
732870
732871
732872
732900
732905
732912
732913
732916
732917
732924
732925
732926
732929
732931
732932
732933
732934
732935
732938
733235
733244
733246
733264
733266
733267
733269
733270
733271
733272
733274
733275
733278
733281
733286
733296
733297
733298
733299
733301
733304
733305
733316
733319
733320
733327
733334
733502
733862
733980
734038
734055
734057
734066
734070
734071
734072
734074
734078
734101
734102
734103
734104
734107
734109
734112
734114
734115
734116
734194
734457
734460
734561
734654
734674
734676
734677
734679
734693
734694
734695
734696
734697
734698
734699
734772
734775
735190
735191
735192
735200
735207
735208
735210
735216
735217
735218
735242
735243
735245
735248
735325
735532
735545
735546
735547
735548
735552
735554
735559
735560
735561
735562
735563
735790
735791
735793
735795
735797
735798
735799
735800
735801
735803
735804
735806
735809
735812
735813
735820
735823
735824
735825
735829
735834
735844
735845
735847
735850
735855
735872
735873
735874
735875
735877
735878
735881
735882
735883
736671
736674
736675
736677
736686
736688
736689
736691
736692
736872
736874
736877
736878
736882
736884
736886
736890
736895
736898
736901
736903
736905
736911
736913
736914
736915
736920
736924
736927
736935
736945
736947
736948
736949
736950
736952
736953
736954
736956
736957
736960
736961
736962
736963
736968
736977
736984
736985
736986
736987
736988
736990
736992
737052
737251
737252
737254
737255
737261
737262
737264
737266
737281
737282
737285
737287
737290
737292
737293
737294
737295
737296
737298
737299
737303
737305
737306
737307
737308
737310
737317
737321
737335
737341
737342
737344
737346
737348
737350
737355
737356
738212
738213
738215
738218
738219
738220
738221
738234
738236
738243
738246
738251
738253
738254
738255
738256
738259
738587
738589
738592
738593
738595
738596
738599
738602
738603
738606
738610
738615
738616
738619
738623
738624
738727
738750
738754
738755
738760
738761
738763
738764
738765
738767
738770
738771
738772
738773
738774
738782
738783
738786
738787
738789
738791
739049
739143
739147
739148
739166
739167
739169
739172
739173
739174
739175
739176
739177
739178
739179
739230
739231
739232
739234
739265
739267
739268
739269
739271
739289
739290
739293
739298
739324
739325
739326
739328
739330
739332
739334
739336
739339
739347
739354
739355
739361
739367
739375
739378
739381
739386
739396
739399
739408
739410
739412
739413
739416
739417
739432
739433
739434
739437
739438
739447
739448
739449
739451
739453
739457
739462
739463
739464
739488
739501
739514
739515
739521
739523
739525
739531
739532
739533
739546
739547
739549
739551
739552
739868
739870
739873
739875
739877
739878
739881
739882
739884
739885
739886
739891
739894
739947
739955
739956
739982
739992
739993
739994
739995
739996
739997
740006
740009
740010
740011
740012
740013
740018
740024
740028
740071
740072
740100
740120
740122
740125
740129
740130
740158
740159
740160
740162
740163
740165
740166
740167
740172
740174
740175
740176
740411
740412
740413
740416
740417
740471
740479
740491
740492
740493
740534
740536
740538
740539
740544
740583
740584
740587
740589
740592
740593
740594
740600
740612
740615
740616
740637
740638
740660
740661
740662
740664
740683
740685
740689
740690
740691
740708
740709
740710
740738
740743
740744
740759
740761
740763
740766
740776
740783
740807
740809
740844
740846
740866
740894
740895
740897
740899
740901
740966
740972
740987
741103
741109
741121
741125
741126
741137
741138
741139
741224
741319
741416
741435
741461
741527
741552
741558
741559
741578
741580
741586
741591
741593
741596
741604
741619
741621
741631
741633
741662
741665
741666
741668
741669
741679
741680
741681
741682
741683
741685
741686
741687
741688
741689
741690
741696
741697
741698
741699
741700
741701
741705
741707
741723
741724
741725
741827
741854
741905
741906
741908
741909
741915
741917
741918
741928
741929
741931
741935
741947
741950
741953
742110
742112
742113
742115
742116
742117
742126
742127
742128
742132
742134
742135
742152
742153
742160
742174
742179
742185
742224
