4953
7335
7341
7482
7822
8566
9856
10115
12538
13651
20425
23187
26663
27002
29075
31669
35107
38071
39572
53319
53426
53429
53550
53789
65690
67367
67381
68216
68346
68347
68548
68950
85236
85713
85774
85938
85990
86039
86819
89830
89959
90075
90403
90416
99248
103067
111253
136617
136795
136849
137108
137120
137427
138095
138127
138175
138727
138971
139211
139622
140288
141525
141614
143649
143651
143992
144332
144900
152561
152680
152978
153002
153958
154275
154302
159504
159857
162082
162162
162474
162510
162567
162687
162783
162922
162979
163026
163051
163067
163132
163243
163249
163683
163818
163899
164121
164207
164216
168318
171576
171839
173561
175729
179806
180186
185851
187040
189865
192559
192563
194006
196625
197588
199003
205744
206378
208023
208115
212546
216985
217430
221980
226554
228368
230111
230549
231937
232691
235756
242216
242450
243566
244977
250620
250680
251346
252399
253841
260141
263976
265196
265482
267131
267337
267720
275677
277475
279816
294739
297300
302831
304330
310560
311066
325395
330233
331876
332446
333521
333578
341843
348314
348400
349068
349507
352102
354182
356991
357022
357024
357028
357439
357594
358471
359170
361754
363024
363067
363084
363116
363344
363790
365071
365424
366746
366774
367248
368203
368565
371660
374851
374855
375103
377732
378358
380981
382395
382825
385186
385252
385343
385605
387668
388945
389694
390725
390929
391211
395207
399774
401856
408792
409836
410627
411165
413989
414286
415029
415745
416195
416591
416801
417217
417419
417612
417634
417816
417871
417949
418094
418135
418849
419472
419624
419880
420210
422787
423321
423709
424482
428209
429094
430440
430804
434096
434196
434633
434677
434734
435159
435548
436671
436724
436774
437905
438661
439313
439877
440212
441641
441987
442037
443103
443806
443880
444004
444193
445305
448003
450270
450293
451003
451124
451157
451297
451370
452376
453563
453707
453729
454094
455184
455299
455687
457662
457768
458116
458418
458723
461852
462550
462959
465617
465892
466508
468727
469896
470310
471323
471926
474163
476601
477162
477519
478574
480936
481532
481817
482250
482344
482467
482488
482650
482766
482796
482798
483422
483432
483508
483560
483989
484402
487577
488515
488789
489486
494658
494690
494697
494999
495187
496005
496013
611592
621316
646911
697031
500011
500034
500113
500661
500697
500712
500764
500773
500820
500875
500932
501038
501082
501084
501106
501151
501189
501212
501524
501602
501623
501709
501915
502223
503394
503422
503450
503634
503994
504264
504445
505136
505149
505610
505611
505619
505754
505996
506115
506184
506396
506470
506474
506575
506577
507090
507176
509524
509739
510748
511188
511189
511205
511413
511435
511551
511733
511736
511749
511772
512021
512028
512233
513323
514261
514448
514941
515019
515182
515193
515509
515545
515577
515600
515734
515864
515983
516204
516320
516694
516804
516806
516844
516851
517697
517706
517729
517925
517946
517947
518241
518391
518798
518808
518821
518927
519320
519466
519518
519528
519660
519956
519957
520013
520017
520827
522197
522264
522435
522446
522447
523367
525630
525638
526225
526231
527099
527204
527495
527976
529571
530218
530308
530413
530822
530965
531233
532151
532156
533623
535252
535295
537138
537812
537867
538614
538626
539782
539796
540636
540804
540915
541550
541555
541573
541922
541972
542267
542359
542645
542854
544271
544365
544458
547575
547594
547645
549612
550002
550108
550257
550747
550889
552016
552029
553646
553796
553821
554108
554297
554518
554564
554579
554602
554692
554835
555903
555961
556339
556751
557745
559761
561557
562417
562798
562803
562819
562822
563009
563168
564010
564527
564649
565266
565836
565856
565862
566290
566308
566309
566454
566458
566918
567059
567261
567374
567619
567698
567935
568007
568376
568781
568907
568922
569478
571114
572006
572348
572709
576429
576572
578074
579177
579810
580379
583126
583474
584690
586760
587513
588800
591177
592031
593403
593776
594707
594821
594970
595019
595027
595036
595679
596090
597645
597704
597885
597898
597964
598157
598642
598888
599833
600013
600231
600232
600902
601336
601533
601560
602546
602745
602844
603650
603665
603748
604308
604318
604473
604474
604620
604662
604863
605736
606022
606282
608227
608317
608557
608918
611433
611610
611709
611989
612801
612928
613123
613973
614244
615066
615298
615676
615764
616216
616558
616976
617010
617432
617786
617844
618114
618118
618206
618319
618349
618431
618458
619323
619390
619571
620051
621097
625411
625414
625444
625945
626324
626769
627463
628412
628618
628871
628935
629118
630898
631343
631697
632165
633545
633629
634007
634478
634693
635185
635235
635274
638531
639013
639299
639301
639773
639878
640141
640835
640837
642664
642673
645209
645254
645256
645458
645513
645602
646408
646455
648876
649154
650282
651058
651825
651877
652293
652598
652727
653970
654554
656100
656352
656442
656469
656995
657230
657603
658036
658196
658198
658240
659607
662721
663537
663707
665972
667279
668708
670056
670352
670491
670513
671736
675280
675316
676332
676334
677559
677782
677786
677963
678486
679649
684310
684322
685946
686403
688282
688798
689732
690160
690178
690184
690803
691178
691637
691642
692440
692475
693941
693961
693963
694237
695250
695253
695358
695510
696057
696598
699447
699460
699756
700396
700949
702922
702928
702934
703218
703225
703748
704355
704356
705128
705145
705885
706708
706758
707835
707846
707848
708656
709281
709304
709768
709793
710237
710976
711250
711252
711532
711557
711847
712944
713704
714072
714078
714108
714541
714544
714661
714773
714777
715667
717660
718477
720496
721070
721372
721425
721723
721782
722208
722282
722343
722372
722540
723086
723262
723475
723717
723807
723862
724008
724323
725272
725291
725864
725870
726577
727490
727800
728717
728874
729952
730796
731260
731306
731321
732034
732283
732284
732327
732422
732443
732477
732575
732760
732796
732801
732868
732903
733242
733303
734075
734106
734656
735206
736876
736894
738261
739327
739498
739516
739524
740015
740169
740591
740613
740655
740705
740769
740790
740843
740854
740855
741600
741629
742154
742193
101955
1620
1981
2102
2135
3122
3200
3671
4034
4183
4581
5011
11500
12923
37655
99942
143624
161989
162173
164400
288807
314082
398188
494975
500080
503861
503941
504034
504256
504680
504800
505178
505657
506074
506491
506732
507716
600011
600017
600032
600095
600098
600110
600115
600159
600427
600543
600548
600564
600627
600633
600642
600662
600676
600677
600715
600727
600734
600756
600759
600767
600774
600780
600833
600853
600888
600992
601019
601036
601038
601060
601104
601140
601162
601164
601301
601340
601441
601448
601459
601507
601520
601522
601540
601589
601618
601623
601725
601737
601756
601793
601800
601824
601826
601935
602099
602134
602156
602162
602275
602276
602315
602359
602377
602379
602387
603224
603226
603228
603247
603251
603258
603279
603462
603492
603812
604054
604055
604072
