514448 2036.04 0.0441322197113
5786 2403.56 0.196012136022
365424 2174.16 0.237027775802
611592 2087.56 0.011530131973
18761 2143.74 0.958254777341
365071 2024.44 0.147717486508
374158 2100.86 0.0190769416784
542650 2387.9 0.0496842488884
3175 2147.1 0.882147011422
177614 2107.44 0.0112493859397
214869 2120.7 0.0331431693653
53426 2191.88 0.0188786080709
505657 2283.08 1.05027116132
620051 2047.06 0.0274660455451
612731 2378.32 0.0331370426836
440212 2135.22 0.021439825581
363305 2204.88 0.181943605
594706 2119.56 0.0121649803118
612928 2136.96 0.00798678133982
612800 2211.28 0.0546673862122
601288 2122.72 0.0105053956988
612927 2129.04 0.0901265988371
567261 2199.68 0.0340980497288
4781 2219.74 0.755461301658
437844 2389.6 0.013666447861
365014 2328.6 0.118703323018
26045 2374.0 0.838477268165
111253 2292.42 0.0452760486577
1862 2235.64 0.0330390675901
604320 2103.72 0.142495373472
23187 2152.34 0.0178950172457
584691 2230.36 0.0657272206715
37638 2297.86 0.0109255101444
604620 2142.04 0.0579037346804
162082 2137.24 0.0544228664589
614819 2145.46 0.347750417695
556339 2057.4 0.0759169006547
613587 2318.88 0.0438990462707
382406 2111.14 0.0434715111164
511551 2080.64 0.0366169987616
612741 2168.86 0.0283499900653
604851 2364.42 0.0875818641637
242708 2161.04 0.0323200547228
615069 2268.76 0.0223621999665
615066 2055.4 0.048636816447
500798 2345.62 0.0361481759623
500764 2026.0 0.024783699026
153201 2308.46 0.00927055987597
608568 2243.08 0.0295858825804
212546 2302.3 0.15627421138
333578 2202.12 0.160952376658
7358 2322.08 0.141088996738
23135 2376.76 3.72015614846
599833 2411.3 0.103872849124
88254 2088.78 0.0207928753923
235756 2419.46 0.0488467592535
613588 2124.8 0.0470232501887
614829 2238.94 0.034310001523
615298 2049.08 0.0346771500863
138175 2199.66 0.0132740616027
613497 2379.56 0.0358993842638
488515 2378.86 0.0104943986004
483989 2412.18 0.0911999888904
194268 2332.28 0.0307041555069
159857 2074.34 0.0415761531604
342866 2035.98 0.0301219350051
244977 2235.6 0.0253950977914
471323 2318.88 0.0283972909171
430804 2078.42 0.0581271002282
604474 2117.28 0.018071874319
566418 2122.96 0.0154420476124
597645 2095.12 0.00982475340471
550002 2122.16 0.024730989793
614600 2028.32 0.0642701732457
9572 2035.82 0.679458537067
7341 2322.44 0.0516341453954
434677 2311.46 0.0446537248405
162825 2064.72 0.0678781868893
11088 2253.08 0.821588243359
603748 2094.52 0.0769092033272
6037 2226.1 0.025605354527
454101 2301.62 0.0232626657464
361754 2095.96 0.166018253428
606282 2098.88 0.0634429671361
16205 2262.8 0.816290692663
562809 2066.56 0.0689097491414
430440 2029.74 0.0425218699613
406213 2349.82 0.0544516117467
20826 2196.6 0.13491891451
606022 2300.42 0.0370701587291
377097 2395.14 0.0440522854936
13551 2058.98 0.358581443662
85990 2253.48 0.0309462348437
68346 2112.68 0.0375210154936
617830 2271.12 0.0306230141582
617844 2039.96 0.0675331764245
417612 2244.14 0.0236490880965
185851 2195.16 0.0206162079643
10145 2063.16 0.0597112919314
9301 2383.9 0.733222338033
512021 2416.44 0.0267828968195
410778 2071.26 0.108382369376
154269 2313.7 0.107308928616
601336 2257.1 0.0282553093567
152828 2424.54 0.0654392739073
163683 2255.8 0.0315270402632
250706 2228.84 0.115816906527
515734 2381.88 0.0691633156914
419624 2343.3 0.0287021500491
616558 2046.68 0.0290266638655
267131 2271.22 0.02839197045
265196 2394.2 0.0707666212772
12398 2175.2 0.881020109625
2102 2424.6 0.0355265008713
24635 2417.26 0.84973421491
613973 2041.2 0.0093520347474
417816 2370.18 0.022837914917
501401 2078.28 0.103663919014
424482 2280.46 0.0318011187163
618357 2303.64 0.0123071850155
430544 2279.66 0.0507039478669
90416 2277.22 0.031669607009
103067 2233.34 0.121271980481
613246 2401.64 0.0725932076353
382825 2238.26 0.0219569846897
187040 2140.92 0.0397851004125
633545 2028.18 0.038640886454
616976 2079.02 0.0312876422178
20234 2211.36 1.04550515235
608317 2288.7 0.162851387053
540640 2067.78 0.031694926563
593403 2378.62 0.0884660094735
616732 2256.26 0.0416332468033
618118 2291.3 0.0462716617128
598888 2029.86 0.0641133777735
304330 2223.3 0.0383058243475
617786 2264.56 0.044417121034
6647 2111.6 0.792568102348
539782 2317.4 0.020751373539
85236 2194.34 0.0115870026807
13966 2229.52 0.832482358379
8568 2311.04 0.936250074922
618529 2079.96 0.0479206447593
85713 2111.2 0.025518469395
162162 2298.88 0.0252271726958
618777 2288.58 0.657896823909
22627 2239.16 0.867594429744
500098 2368.06 0.105929872875
385186 2276.62 0.0536258123297
35396 2260.18 0.0128082097247
483423 2372.68 0.0333240271064
7822 2118.4 0.0409086073645
21275 2383.94 0.779436623851
597626 2110.86 0.0779161951324
24443 2264.46 0.045847110126
600676 2029.1 0.881322341768
243566 2067.78 0.0555137529641
618423 2074.52 0.032977714369
605341 2361.46 0.808801039903
554579 2362.22 0.0496674889842
311066 2234.26 0.148832495366
138095 2203.16 0.0663307843969
391211 2173.26 0.0916401354114
483560 2110.36 0.0131353489471
617432 2419.4 0.0558297977354
619571 2161.68 0.0562528191693
539990 2261.76 0.137050228502
415745 2056.2 0.0125163658163
567619 2410.84 0.0365684705018
366774 2127.64 0.0302439864963
619048 2029.74 0.0571661440471
152978 2163.36 0.0183172666329
154330 2415.82 0.0343140439755
576721 2302.84 0.0193029072949
154590 2109.94 0.0215542754817
152560 2228.44 0.0339609441403
622139 2156.62 0.69918760508
52768 2067.86 0.0206561831235
477465 2283.96 0.0502604225062
267720 2329.26 0.0230338765935
450142 2360.56 0.0246782383097
597712 2075.52 0.0278451689462
574322 2241.22 0.0595976442037
618422 2170.44 0.294684123216
2201 2281.98 0.0381664087218
418416 2126.48 0.033290892264
602844 2403.12 0.0338426501281
618800 2104.9 0.100880029667
1863 2354.38 0.141350142157
625944 2165.22 0.040990507883
518288 2144.46 0.0487234885025
22807 2123.32 0.650274010213
422787 2323.02 0.0255258932097
625444 2348.34 0.0313053031377
500027 2024.24 0.0234759756321
622027 2268.52 0.035152138582
547607 2086.62 0.0485152474686
576572 2124.34 0.0448849522154
611610 2159.9 0.0410755972352
625945 2250.38 0.0872370505582
136849 2068.62 0.0347377139594
626324 2265.46 0.0553866551886
23332 2101.76 0.822684352137
6239 2197.04 0.0258645154438
625948 2365.84 0.21979378021
326290 2026.38 0.112160027542
602546 2039.84 0.0149527867951
628412 2045.52 0.0471887150126
608918 2112.1 0.0442607985936
628424 2198.34 0.0798783107173
574368 2126.68 0.0325715773858
595048 2207.62 0.0467280288734
496005 2276.72 0.0633464395808
621316 2130.48 0.0327758635113
303450 2117.22 0.039180208416
591534 2023.88 0.0463060711115
490354 2185.5 0.00780999033787
483422 2386.86 0.0637253227901
519956 2243.26 0.0420868971119
628618 2287.84 0.0405130878015
7350 2048.1 0.0808693772119
621097 2399.24 0.0415088429783
619323 2231.56 0.0247240404743
610757 2353.7 0.0345503824887
628969 2084.94 0.0187648128021
629184 2149.16 0.0342481873062
628871 2356.78 0.109777924424
481817 2190.48 0.0194517224927
630880 2085.32 0.104235424592
540639 2181.4 0.0925291917243
615070 2033.32 0.0260229682155
613123 2238.6 0.0215813385653
170903 2277.08 0.0525634961386
417211 2038.48 0.0430254866872
189040 2021.56 0.217739991014
436329 2186.88 0.0572937818299
480808 2339.96 0.0412019961713
276033 2070.64 0.0174389802894
11054 2025.26 0.199779812999
416591 2046.42 0.0596709045125
416801 2123.56 0.0187745749414
601459 2422.12 0.996604686568
144332 2263.02 0.0220376937902
578072 2038.14 0.0396434370802
451157 2228.18 0.0378252289852
386847 2043.72 0.0271492601326
445305 2358.42 0.0149858627512
458418 2137.0 0.0395304273088
562819 2418.52 0.0158957651414
616216 2144.6 0.108076284764
621091 2150.06 0.0465665288811
630898 2399.12 0.0612603447302
418849 2175.26 0.0325758239205
250620 2290.64 0.0829569436439
619121 2344.94 0.197953267575
457768 2040.62 0.00944031682599
628619 2260.4 0.0198039255817
216523 2035.36 0.0764231027331
622026 2033.22 0.0962133187066
388188 2044.1 0.0324785787076
215588 2390.42 0.0194551813582
593776 2179.64 0.0689325072441
163249 2263.12 0.0215094690033
619390 2282.82 0.115318066356
425755 2316.56 0.0191130770755
604473 2411.34 0.110500680212
164207 2127.9 0.017692957892
595679 2246.4 0.106800246494
617761 2139.74 0.0353304932924
650282 2097.64 0.0363557529077
634149 2159.34 0.0162241183508
455184 2405.14 0.0331943431701
7335 2131.92 0.0389788864282
634478 2092.88 0.00731292958539
275677 2207.44 0.0149690566768
11284 2117.88 0.293814271059
634416 2248.76 0.0322484045673
527099 2080.34 0.0412541205081
390929 2064.38 0.105945442722
635235 2021.66 0.0428244382566
634945 2179.06 0.0148761526232
628935 2341.52 0.0458640709461
285263 2190.94 0.0621047803465
451003 2103.04 0.0963415757717
494999 2348.38 0.0240961879983
616243 2192.5 0.0293211561173
617010 2118.12 0.018097594077
317255 2194.24 0.060926048705
628276 2305.8 0.0421934845179
638531 2364.66 0.0417559537919
562822 2044.9 0.0344335616502
618114 2095.1 0.124826203813
65690 2083.58 0.0603543562522
26192 2129.14 0.810347432197
467336 2163.48 0.0441353272955
638471 2314.72 0.0505512946307
359369 2346.0 0.0345233925948
631341 2132.1 0.0480047770994
604002 2293.18 0.0311659791667
635145 2403.64 0.108812036114
638671 2053.3 0.0236451335478
639239 2030.78 0.0170661101712
414990 2075.12 0.0156523631861
540636 2246.3 0.0531004162176
635185 2287.9 0.0540589118866
618333 2280.98 0.0907492210755
634271 2046.24 0.0725840094149
520017 2172.44 0.149209487029
600564 2290.08 1.33417670487
554602 2168.02 0.0604566405914
631697 2299.78 0.0379110966009
208023 2287.04 0.013831862104
482467 2138.28 0.0900047601065
635274 2212.5 0.0558794169088
603247 2206.72 0.995480021324
412983 2280.16 0.0450877694546
465824 2133.18 0.0143781856313
600727 2416.22 0.853185890421
634693 2154.88 0.0472393105101
500028 2170.62 0.0243746947576
410777 2265.52 0.00747618508896
592031 2158.68 0.0148422113112
639808 2059.8 0.0285872254072
409836 2214.92 0.0357955585348
634007 2194.18 0.0482639292425
572004 2402.32 0.0190186492936
363599 2243.54 0.0313252939613
466130 2205.5 0.0325941581168
611709 2077.36 0.033297919955
635837 2253.84 0.0343726768061
600098 2034.18 1.01732893729
635118 2263.52 0.0242711055003
604863 2092.08 0.0636576058713
599107 2054.04 0.0343280269175
639013 2267.12 0.0428870137982
416151 2324.44 0.0427602372467
378358 2418.06 0.0585831214107
3360 2197.78 0.0101975877355
639878 2091.78 0.0913792540518
601507 2405.18 1.31245881421
618406 2200.82 0.0537458233068
484506 2185.2 0.00984460664003
438661 2397.16 0.0983137766426
442037 2308.04 0.0514332944337
628407 2206.16 0.0234346030776
639773 2099.56 0.0661959098425
65717 2309.58 0.0480119636954
613970 2332.8 0.034067010191
173561 2092.78 0.0440021799348
484976 2227.02 0.0935085265066
640835 2080.02 0.0396724646525
348400 2390.78 0.078275946947
639416 2069.42 0.057435602377
3552 2153.8 0.641457848087
171576 2147.06 0.0596417115472
640141 2144.0 0.0946324070229
506732 2263.76 0.924576221393
615764 2054.98 0.0448786751202
467351 2030.52 0.0262140545616
6063 2116.64 0.111085347667
465633 2239.84 0.0274721183139
604318 2206.72 0.155122491973
602387 2239.16 1.1366686844
494710 2038.34 0.0469194308539
442523 2415.28 0.0829169175341
618319 2344.38 0.0468158401528
639417 2179.2 0.0775762940515
453563 2363.62 0.0152638742742
251346 2410.86 0.0427785214498
314082 2305.14 0.0196713532767
642673 2327.38 0.0408479211912
232691 2350.5 0.0204387347812
373135 2081.64 0.0184599348337
643111 2205.96 0.0275141530747
226554 2197.88 0.030754838821
639299 2111.3 0.0354462561471
615763 2313.92 0.020797129772
414287 2250.66 0.116898005945
642672 2378.24 0.0530379687201
639515 2300.84 0.0566832931973
646980 2142.88 0.156812386527
12538 2181.02 0.0225963044324
470310 2048.36 0.00916162899808
645454 2380.74 0.0432612779165
448721 2333.72 0.067322376098
602276 2411.24 1.58181330936
645710 2282.8 0.0137629008524
572006 2030.08 0.115035525957
436671 2156.54 0.0204365554039
389694 2404.16 0.0158482953591
645602 2374.3 0.088750333066
639301 2348.74 0.0271855095912
438908 2246.64 0.0134769175019
634413 2416.98 0.0381689415409
348306 2148.34 0.0528797644395
548348 2351.16 0.0107239366476
645209 2390.0 0.0708787015413
645458 2184.68 0.0378097294279
415029 2204.76 0.0361642256492
310560 2204.98 0.0460873842123
618431 2288.46 0.0275299430222
507716 2190.34 1.59863847353
455148 2157.28 0.198775823413
564523 2372.6 0.0144368586571
645921 2153.02 0.0532386428118
612597 2111.22 0.0442873099419
143404 2027.92 0.0271896426932
250680 2378.2 0.054311597183
632165 2324.86 0.060572597616
646638 2048.8 0.0262289204181
645513 2137.78 0.236425996809
593614 2044.3 0.0169931186387
99248 2205.82 0.0702595189908
466508 2162.32 0.0292862223817
453778 2188.84 0.0454103572482
625411 2087.74 0.0531256715228
363831 2378.02 0.0267046918148
601164 2238.1 1.05938030967
419472 2334.28 0.0167261186342
484517 2344.4 0.0621510159924
647210 2037.04 0.0443060822536
457662 2115.94 0.168832921678
647191 2222.0 0.0355051528805
445974 2342.5 0.0281805921202
419880 2323.3 0.0425513616262
601038 2372.6 1.60602180936
405212 2049.62 0.0144774573203
471926 2085.66 0.0707824766716
465892 2068.96 0.0229793048239
608227 2060.82 0.0200586485787
152671 2172.78 0.0485063493561
649155 2123.78 0.0665969869053
482796 2024.96 0.0688513853633
646911 2138.78 0.0230984164447
429584 2242.74 0.0341585732617
600715 2375.88 1.88843625232
601340 2053.64 1.8566136246
656830 2028.44 0.391367799423
349507 2146.02 0.0317991678602
550108 2043.96 0.0385810031592
633636 2260.5 0.0268802958292
382395 2075.58 0.0713616863904
162116 2090.28 0.0670443610851
601060 2067.6 1.50407215169
597964 2268.34 0.85969963133
649918 2420.38 0.157305934185
649924 2031.84 0.0372160618096
627463 2109.08 0.0460157989651
612801 2049.38 0.0396590472683
649833 2063.28 0.17199443242
576429 2311.2 0.0377620508338
602275 2032.02 0.80411252846
650287 2041.84 0.0409519257176
162120 2248.98 0.0273366658508
651036 2340.22 0.0427821295955
628280 2383.14 0.0480681730057
436774 2028.52 0.0350799299986
471240 2076.54 0.528823169935
371660 2259.06 0.0299629138381
651454 2022.36 0.215469098083
651461 2174.94 0.0442396391248
639586 2375.34 0.0136827694773
452807 2363.02 0.0185412146143
601725 2028.42 1.2196575872
651557 2036.8 0.0472119049642
631343 2353.7 0.131314945274
474163 2033.42 0.0250381689219
477519 2161.16 0.0566137925624
648876 2134.66 0.0701083528826
633629 2228.94 0.0349623139297
639701 2281.94 1.74326800686
434734 2348.1 0.115849463117
651877 2067.9 0.405588555455
414286 2119.44 0.0195959796893
369264 2382.24 0.127503503467
626412 2258.16 0.0242889375899
553646 2044.78 0.0352733099043
640048 2195.2 0.0794562674798
602377 2411.24 1.87064026104
654554 2128.54 0.0217661240175
616796 2226.72 0.0736794107506
653916 2171.12 0.0265092705145
602315 2229.14 0.824135913255
5604 2162.16 0.0413091600107
618385 2132.44 0.0292219022803
651878 2208.7 0.0363843534963
649059 2099.32 0.0726838831773
646433 2226.14 0.0610268828515
420210 2069.36 0.0716655270798
655278 2378.74 0.068063263936
482798 2111.46 0.0128405925784
663439 2247.62 0.0286830447225
600627 2361.36 1.60069410865
141527 2126.8 0.049685264414
651058 2030.14 0.0148330047467
357439 2129.62 0.0108740804353
503941 2027.96 0.913976427779
655657 2289.06 0.0421546099937
656352 2036.06 0.107363878747
363024 2034.2 0.044205421764
656442 2401.84 0.167876119248
422699 2095.14 0.0258463415977
352102 2200.92 0.0873677447356
482344 2348.3 0.0689482431517
614244 2149.82 0.0086596709146
604055 2424.12 0.812756989274
516844 2190.78 0.021905564843
594097 2169.28 0.0336376144116
690184 2243.42 0.0263181904177
642664 2167.62 0.0305410496045
656033 2317.84 0.0596251549493
656469 2065.7 0.0371007517635
281375 2359.38 0.0591876988055
657603 2193.66 0.0440437491607
657230 2422.18 0.113101711781
657609 2043.84 0.0534269878128
640971 2304.68 0.102851250442
658044 2091.06 0.0563696860964
658036 2150.18 0.170644991036
450300 2183.56 0.0109267039186
658198 2064.76 0.514917938434
646455 2103.28 0.0431008548071
655660 2213.92 0.0390081432083
629118 2377.9 0.307836708036
672264 2115.58 0.0460089434037
267221 2207.22 0.0320870129412
649154 2150.38 0.0333105788801
653926 2151.62 0.00411342150333
645585 2103.36 0.0358770879487
646408 2409.34 0.020069656627
628672 2355.16 0.0544604944125
625633 2058.62 0.0375973750488
662721 2345.04 0.0409448792658
656504 2269.9 0.0372890622007
656995 2039.66 0.0376146613933
651825 2306.76 0.0236939020597
652598 2342.76 0.0613955899196
645791 2265.46 0.0363957349026
659607 2211.72 0.0265276498864
663540 2099.62 0.0372453489518
662240 2251.42 0.0313932847336
159504 2104.54 0.0781230554514
657014 2054.78 0.0321711988908
602162 2404.34 1.53807355334
439313 2299.22 0.0322516012583
436724 2420.22 0.0169648323017
474231 2073.72 0.0476751875743
666884 2033.8 0.102034277259
453707 2274.94 0.0547674506807
658240 2232.24 0.0425638614623
5189 2200.1 0.0557224479286
433953 2218.48 0.0307373751383
387505 2037.26 0.0255906095878
668687 2394.68 0.0133304271321
447755 2282.26 0.0310141996635
652293 2103.2 0.041979531375
483508 2179.78 0.0230163302454
388945 2419.06 0.0371801303298
657011 2047.46 0.0364671192571
482488 2145.62 0.0836704363986
638615 2342.32 0.00941801718242
606268 2128.34 0.740251615826
639684 2027.28 0.104971172954
517703 2135.92 0.0356893670749
670352 2070.76 0.0443813512155
673181 2335.9 0.020842419681
669453 2308.56 0.0396507670111
653970 2257.4 0.020578973189
657474 2030.8 0.0268613498957
600633 2346.44 1.47248326186
613777 2354.3 0.0666272656699
670491 2249.14 0.0562796178867
663537 2143.98 0.021337720646
380981 2234.3 0.0499126349636
395207 2400.78 0.288945319261
603258 2411.32 1.75323781055
668708 2076.74 0.0152684751544
458723 2355.22 0.0685093448027
658039 2208.2 0.056876236269
294739 2341.98 0.0885979406142
601520 2110.38 1.2513673536
500795 2092.84 0.102401712399
618458 2412.86 0.0752163310173
665972 2098.34 0.025149721737
603279 2416.16 1.87470782296
603226 2407.36 1.14117281963
503861 2077.34 1.34613962554
601793 2340.32 1.26386271473
600888 2387.12 1.73252182087
480820 2211.08 0.044619169637
482650 2113.92 0.038234038281
603462 2360.32 1.73118484076
488490 2370.46 0.0367087133524
695358 2079.98 0.0369942872246
676302 2294.2 0.0249801004079
566915 2348.12 0.0465835183772
484402 2065.6 0.0289446453034
676385 2127.48 0.107393061957
673662 2108.84 0.051595369026
565862 2337.42 0.0648938655109
645254 2159.76 0.0462352692442
462959 2331.94 0.0275541959894
714078 2377.26 0.0282963277325
676334 2157.04 0.588434501845
453729 2395.58 0.0202443395105
667279 2144.04 0.397206940788
90075 2391.46 0.123454512298
598642 2267.16 0.0316484796965
676332 2153.7 0.0261080000028
478574 2021.6 0.0328139466585
597885 2131.94 0.0302323332981
451370 2023.98 0.0354915932526
596090 2104.82 0.026377588884
439437 2264.58 0.0141549799741
677625 2254.42 0.122986192473
677786 2249.12 0.0381119053787
677559 2218.3 0.0466789608524
598157 2082.92 0.0392115743317
162882 2392.28 0.0329310735913
686022 2100.9 0.0893449081409
677232 2164.4 0.0127209201483
684307 2098.98 0.0708082611388
684320 2038.12 0.0673199968894
685970 2125.52 0.0700742955975
463387 2354.7 0.0140613174342
685946 2345.54 0.0514694188041
684310 2422.12 0.0395775462384
678491 2232.84 0.0240614219433
480883 2381.34 0.0245667914298
649932 2100.24 0.0164656472695
679649 2140.48 0.0790911584298
677791 2395.32 0.013079216153
468727 2033.24 0.0654335470416
459683 2218.96 0.0306240817576
645256 2161.72 0.0483750724116
628639 2198.06 0.0484280320429
645241 2054.56 0.0756851966658
500820 2097.34 0.225789413581
688633 2164.02 0.0777716834232
656100 2248.14 0.0288413715003
688629 2400.24 0.0345191356149
696598 2329.92 0.0518696808929
675280 2073.06 0.0609450300976
494975 2127.6 0.0531054836642
688275 2152.26 0.0638642844657
686403 2212.72 0.0446263137148
688790 2032.92 0.0957959927388
693415 2399.84 0.0638363841656
468910 2236.44 0.0539422568598
496013 2095.32 0.0205054668897
482766 2157.78 0.0262725942043
667253 2224.48 0.0406404039778
690160 2020.1 0.0213240332377
618349 2059.84 0.402299780067
686381 2150.94 0.0429637700512
381906 2200.26 0.0108290486349
689543 2101.8 0.186638365491
443103 2182.78 0.0186361850686
688585 2092.46 0.0483008754819
467309 2118.22 0.0469112853073
690158 2276.18 0.0449468999453
601448 2353.28 1.21064391565
690198 2238.02 0.0288347572301
690803 2310.62 0.0254187719845
4581 2315.66 0.0108050084606
468005 2185.7 0.104029284286
454100 2341.82 0.0364740558248
640837 2024.44 0.0351646730109
693884 2071.28 0.0457578537388
692332 2235.04 0.147188701035
692440 2073.28 0.0474173680503
689407 2353.7 0.0259046006714
677963 2367.52 0.0436337295918
691760 2166.3 0.338890325362
438955 2112.88 0.0211027939127
688794 2109.08 0.0421660200307
638470 2218.04 0.0468656739404
692475 2222.8 0.0341997010357
688282 2402.42 0.030876644338
685941 2063.88 0.051465827375
694956 2300.04 0.025644140217
518798 2260.46 0.162558391485
693933 2350.2 0.0406579527895
691642 2422.46 0.0255151789185
686407 2144.84 0.0346908414366
689732 2099.32 0.0358563389336
487577 2190.48 0.00688429083523
694237 2150.64 0.033615435021
601540 2350.08 1.8056008908
357024 2045.62 0.0870306969613
618206 2409.5 0.012323935662
689735 2260.7 0.0416480108123
667266 2084.4 0.0422557557701
655253 2385.58 0.0283848228057
454094 2047.52 0.0237937205376
693941 2314.28 0.060526064643
691178 2258.16 0.0716192095478
695510 2215.58 0.0695230560501
594970 2156.38 0.0192144722511
693961 2380.82 0.0523801948116
471241 2105.52 0.0673655403576
530308 2140.68 0.070783176812
677782 2324.58 0.0135570128099
553796 2209.0 0.0754186376419
711252 2220.12 0.0501512537051
678486 2214.12 0.0127310073231
696930 2328.08 0.0427187790453
608311 2079.18 0.0208263903256
690178 2346.68 0.0223359418794
697046 2254.06 0.0711965576867
697402 2123.26 0.100943782153
695253 2192.98 0.0122223356169
675316 2207.14 0.0487209343978
696057 2171.8 0.0418415109316
626769 2182.38 0.0582263173717
699218 2086.94 0.0904874811343
697968 2132.7 0.0223839171637
699329 2063.36 0.111599455861
690180 2175.46 0.0283457450345
697031 2254.24 0.0422845902092
495187 2343.32 0.0972805718807
518633 2084.28 0.0624787450124
698963 2069.6 0.0476076783036
714773 2284.0 0.0417315631399
696941 2331.24 0.0260111450534
704356 2246.98 0.566996717199
698960 2257.46 0.0323972733477
709159 2314.86 0.0595668344376
700396 2249.78 0.0772394632936
437841 2165.22 0.036713110949
699760 2052.02 0.0119639769238
667905 2237.46 0.0322208470426
699447 2350.5 0.0796942182248
699756 2365.26 0.0814503546535
671736 2026.58 0.279019433904
364136 2374.52 0.0171315452454
701771 2150.32 0.0508645023079
700949 2224.66 0.0683241639507
441987 2119.2 0.0150917816284
693963 2296.8 0.0424523395752
703219 2148.1 0.0334968082163
703760 2090.3 0.0398489384986
695250 2058.7 0.0180248010965
702909 2140.08 0.0657933353823
702092 2073.34 0.0890003813651
702934 2083.48 0.0453905368928
703225 2272.84 0.0687414608526
704355 2056.54 0.0434112052927
697041 2280.06 0.0277975772256
702928 2167.74 0.0925006504337
703771 2184.36 0.0274765816447
703748 2020.48 0.679570450645
702922 2056.74 0.0503999228048
703218 2326.72 0.0696850232318
699460 2330.28 0.0663075218769
705478 2187.4 0.0281259361986
706708 2173.64 0.0398377602435
418094 2120.12 0.0371719659569
706860 2236.48 0.291922915409
691637 2255.56 0.130684104471
706758 2191.38 0.062289781777
707846 2282.84 0.119683945689
709163 2212.46 0.0218700665181
705145 2150.1 0.0588728087928
697577 2187.6 0.0351990645157
670056 2049.98 0.0442424251104
602841 2117.4 0.309906200203
708656 2264.56 0.0376021273112
709304 2083.28 0.115648969128
709281 2422.72 0.0179800335992
192559 2340.36 0.0163494807377
684309 2251.68 0.0330999994397
152685 2343.42 0.0104296460713
482250 2117.16 0.0803961537687
709585 2177.68 0.0212250714908
625414 2133.8 0.0280641703638
714661 2122.28 0.00838967430311
694636 2086.08 0.0111368847039
709562 2071.46 0.0206945144422
707848 2033.58 0.0758346238383
710803 2317.4 0.300190830736
711248 2023.24 0.0292333687636
710237 2128.54 0.0313846313818
709754 2119.86 0.0470357947866
677652 2393.18 0.0294830724261
711549 2087.88 0.0559955302169
711543 2138.46 0.0322139309284
709768 2325.3 0.0385895469047
707835 2407.36 0.0312559495596
709793 2203.22 0.0408148972329
710976 2365.72 0.0799691328503
711557 2134.54 0.063770746045
711847 2384.96 0.0283801297652
722343 2123.08 0.0377263040999
515509 2044.82 0.124774534033
713695 2208.68 0.0278824657227
713704 2023.42 0.0420778730826
713739 2369.6 0.0617218073053
714108 2394.82 0.101054494372
654323 2332.14 0.47226886599
615676 2255.64 0.263804686479
712890 2144.4 0.0500367963362
714541 2288.9 0.0330598839114
711251 2368.66 0.0582523297567
714074 2146.0 0.105161049473
705885 2021.24 0.0449444203054
716007 2083.2 0.00861585951429
712397 2020.62 0.0487071117845
711532 2354.0 0.0348223903439
714072 2122.3 0.0483539128322
714544 2127.32 0.0595424439473
604072 2387.7 1.68341492952
711442 2094.28 0.581362696007
685822 2149.34 0.0442662340398
684322 2086.76 0.141746896605
715667 2164.66 0.090234159991
716024 2251.26 0.0160239867616
715669 2415.28 0.0361133700363
715541 2249.64 0.228278758266
721070 2083.06 0.045818570096
712880 2149.4 0.0322648205215
718477 2313.04 0.0244423867668
721097 2162.26 0.060628899292
716840 2206.7 0.0683752665359
717660 2318.64 0.0574321279096
721158 2266.6 0.0755671253056
721367 2376.66 0.0512955421984
601562 2053.0 0.0410681148543
711553 2389.2 0.102089045007
265482 2211.24 0.023975455299
721372 2086.14 0.0335349317634
722282 2036.0 0.127268709337
722284 2206.42 0.0347338643873
652727 2101.88 0.0683820161795
658196 2210.22 0.0308443101432
722208 2205.3 0.0194349713804
721776 2267.34 0.0756818028271
721418 2191.9 0.0411497893126
721782 2133.88 0.0316747314811
717501 2065.94 0.0495530814774
720496 2111.66 0.0429614239707
595722 2202.7 0.0137616525325
722372 2414.56 0.150773906999
731143 2191.46 0.0232237695236
721425 2410.68 0.122564362668
722540 2044.34 0.0170681969268
722904 2237.24 0.105408406224
705303 2057.96 0.0587553179242
720507 2296.14 0.0454889131509
485652 2227.4 0.0127841813492
723292 2111.48 0.0805111027654
723717 2251.66 0.0332360873579
712944 2220.08 0.0347255555361
723262 2220.98 0.0258974715658
723720 2050.12 0.0121804882407
722430 2243.28 0.0255785034715
694996 2078.7 0.0348633838844
723373 2181.3 0.0380508972357
721723 2117.06 0.0282837710405
670513 2282.76 0.0783698536512
723900 2310.24 0.0541029107644
723919 2343.52 0.055810680765
724333 2065.62 0.0611165701899
688798 2174.58 0.0417998768917
723998 2134.04 0.0309283710077
724323 2254.6 0.0463734113518
723807 2088.2 0.165177042421
711250 2099.14 0.0319090321925
723475 2090.3 0.0431917819694
724325 2295.52 0.0203436231226
688515 2035.48 0.0208830749745
725291 2028.86 0.0453011425025
722931 2123.28 0.032967009576
725864 2297.96 0.0450339580979
725293 2160.8 0.00582897224056
723862 2228.78 0.0434809670751
725272 2380.48 0.0374328098095
598709 2404.46 0.0390867598825
723086 2338.98 0.027064614493
726577 2410.84 0.0577439990952
727800 2080.18 0.0711139847657
727840 2182.48 0.0144217734187
724302 2150.94 0.0477901991016
731307 2231.36 0.0989727404149
724298 2419.66 0.0408208765004
728717 2402.68 0.0321264670529
735206 2282.06 0.0564370595039
728622 2207.62 0.0746732439142
728874 2239.08 0.0769511169415
723044 2320.56 0.0454537815986
727490 2114.64 0.0197529047652
714777 2049.78 0.0323645353439
724008 2262.3 0.0379285416453
725870 2340.7 0.0522669748344
727481 2092.84 0.0398059556386
723459 2327.14 0.058002771539
729952 2368.12 0.060699897408
727785 2025.28 0.0214160689755
731321 2181.68 0.0449463948221
600013 2170.46 0.0575580873064
739498 2201.02 0.197984657049
722064 2423.86 0.0165289673886
731260 2288.94 0.0159798126554
732208 2062.56 0.0178787423851
732027 2323.26 0.0323076638426
732203 2024.78 0.0934703874214
732283 2387.62 0.0306410742475
732010 2345.8 0.0244459662599
732285 2129.38 0.0642947659129
616066 2151.36 0.062556937864
732297 2389.12 0.327748914274
732477 2380.26 0.0379531126119
732422 2397.92 0.0419635210121
732796 2359.5 0.00357610331046
732547 2077.42 0.0413023585124
732801 2381.1 0.0205187662458
731306 2266.28 0.0337736217552
654934 2277.38 0.130131318917
732705 2070.26 0.0149525634197
732327 2323.4 0.0588967834085
732443 2058.22 0.0549108872943
731993 2134.78 0.219816622842
732575 2096.68 0.0544237885661
732868 2401.68 0.0451982441475
732903 2064.56 0.0312037045068
732863 2259.32 0.0540256499024
717710 2346.78 0.0380940063595
734656 2156.06 0.119709755311
733303 2335.24 0.0305645178372
733300 2345.6 0.0236880501723
733302 2255.36 0.00595259508622
732760 2104.48 0.0405583017981
734106 2266.28 0.0815272216244
732928 2203.4 0.0478792260199
705128 2029.08 0.0407053699681
733242 2137.42 0.0509982205173
734075 2201.5 0.0206043116541
732034 2422.74 0.27326839739
732471 2224.32 0.511295175122
736876 2083.06 0.190581225738
736687 2402.34 0.0407560845302
737141 2268.36 0.0888225198451
737140 2170.18 0.0568655321746
736894 2355.94 0.0267057957668
738588 2183.88 0.100385348294
738261 2090.94 0.0219081403742
736983 2050.96 0.05119970421
732763 2388.4 0.0227960480386
734692 2204.72 0.102455780005
739329 2203.62 0.0194182391642
734678 2313.84 0.0166090041812
739327 2390.5 0.0844084023989
739170 2107.62 0.0366067759572
738247 2263.7 0.0197816146272
739377 2256.92 0.0609888029474
739398 2313.94 0.106905764452
737302 2065.98 0.033987644924
732284 2068.96 0.0752150248713
739516 2348.26 0.0485509426562
740015 2179.0 0.0382141491024
739524 2073.88 0.152541850905
740611 2041.54 0.0755203912422
739908 2139.8 0.120866078067
740025 2183.02 0.0634957309538
740169 2029.58 0.0449286641526
740531 2048.22 0.0382789820805
740027 2077.82 0.0199257147015
740739 2055.52 0.0235821130876
740613 2148.64 0.0450400407473
740635 2026.72 0.0768077201185
740774 2420.46 0.0263989444603
740705 2327.26 0.0474041011111
740655 2021.06 0.061632768233
740591 2215.7 0.0407587837557
740734 2176.74 0.0904590510662
740687 2211.7 0.0290454067715
740788 2143.84 0.0551713756306
740636 2041.58 0.0647576465791
477162 2216.76 0.062714570417
740867 2211.14 0.0487609596165
740843 2094.68 0.0400377128121
740855 2081.86 0.0660643759354
740769 2081.82 0.102898150519
740854 2029.74 0.0665377079102
481532 2281.42 0.0572772268641
663707 2361.78 0.0467719821569
730796 2062.56 0.0200693971856
740859 2344.54 0.0215420318077
741600 2110.58 0.0339570858916
741127 2372.28 0.018422487206
741545 2314.22 0.207449129173
740900 2168.24 0.0415447247791
742131 2374.44 0.0285135441179
741629 2203.02 0.0124867076711
740790 2367.0 0.0302803724793
742154 2168.66 0.0391530841129
741937 2400.64 0.0434768389837
742203 2233.44 0.00708833881166
742157 2330.82 0.0219927579618
742193 2145.94 0.0515605893438
