500011 2074.42 0.057995162514
5335 2411.92 0.615338295378
500113 2097.6 0.0641656325054
500450 2186.94 0.090825518379
500584 2214.48 0.0059903790921
3362 2123.64 0.143066236472
5145 2369.56 7.56172106985
500661 2388.56 0.0270481908918
500675 2066.76 0.0382290402566
500711 2227.64 0.130483964675
500773 2096.82 0.0489830857094
500806 2324.12 0.0207889610303
500875 2264.02 0.0944813877463
500932 2281.92 0.0317655308352
500712 2345.72 0.0108170203144
14827 2190.24 0.0167599148808
501065 2172.04 0.0459213435899
501038 2393.34 0.0383763439379
501084 2202.2 0.0251505430855
501106 2169.32 0.0573001347744
20461 2394.38 1.4796791971
15504 2106.44 1.59962164193
501212 2144.06 0.041008371183
501214 2340.28 0.036224593598
20425 2139.4 0.104671141818
501516 2148.04 0.167215967995
501537 2282.0 0.109322748587
501604 2288.98 0.0429310923727
152680 2144.74 0.064012314067
501811 2196.8 0.0469321429285
501842 2216.52 0.0739021710245
137108 2247.66 0.0203034836926
501881 2097.62 0.0506603447382
502033 2045.34 0.0144807908755
152637 2288.38 0.0309219732261
502424 2178.72 0.0584944200989
85585 2297.92 0.0222813438013
162416 2318.7 0.00443660539135
53429 2389.44 0.0467761743782
502549 2415.56 0.0449471507073
503390 2128.82 0.0729203692094
503450 2063.1 0.0608963600961
503429 2076.28 0.025937669085
504680 2106.72 0.865622885962
505134 2072.36 0.0677651070135
505149 2230.76 0.0450260233302
505178 2020.26 0.654455079617
505542 2104.02 0.15144808956
505619 2349.86 0.0320222682815
505611 2239.24 0.04119939867
505530 2152.16 0.0272115935466
505767 2132.56 0.0671368689445
443806 2074.2 0.08382137782
505609 2281.92 0.0318416207851
503422 2409.32 0.016888304766
505136 2232.24 0.0130162181091
505968 2158.5 0.0288691816847
506074 2254.7 1.67771877015
506016 2176.4 0.0599510641069
506169 2295.54 0.0526631823199
505620 2328.42 0.0463555082332
506371 2361.4 0.0320529067596
506391 2080.68 0.069535366751
506469 2080.74 0.131988776486
505536 2379.34 0.0150276234119
506495 2105.32 0.0509115534184
234145 2062.9 0.0138225985353
506555 2372.92 0.0368065030732
506491 2309.9 0.968198585757
506570 2189.46 0.066291792316
154019 2031.36 0.0381823876556
506575 2259.86 0.034438836458
506577 2062.82 0.0293258626727
6489 2219.48 0.0305417139026
504445 2046.76 0.0726451426866
504246 2099.82 0.0251478591099
505775 2356.42 0.0392255104771
507620 2095.9 0.0629677315669
163067 2131.96 0.0239841872708
509524 2033.94 0.0609535610312
506181 2284.34 0.078907475897
467317 2373.16 0.0449294964819
505754 2080.5 0.0526502238089
510759 2081.68 0.035341863221
162695 2247.82 0.0557522055274
162039 2336.98 0.0346486589216
502541 2267.46 0.027909993624
504256 2322.56 0.0839113140992
506108 2313.76 0.0226119935233
511204 2237.08 0.0130365697398
501587 2134.68 0.115124286637
221980 2038.8 0.0830466901179
511301 2186.66 0.0659413873176
162979 2091.78 0.0287720409481
501151 2097.26 0.0143692938508
505626 2343.58 0.0336351906022
511544 2293.06 0.0874765776144
67381 2143.34 0.0183978403216
511573 2075.44 0.0407289865816
501523 2282.54 0.0452478671527
162687 2166.86 0.0556211169369
500752 2202.0 0.044665306448
217628 2064.84 0.0943837923424
506115 2032.5 0.07572032446
162922 2290.38 0.0249521717367
506396 2349.22 0.0660545949854
501915 2171.0 0.0207583207174
208115 2060.8 0.0191992604616
511772 2082.5 0.0466971301942
510481 2348.76 0.0191355801998
8566 2051.54 0.00643212964966
101869 2187.6 0.0062949039043
507090 2316.0 0.30019740941
507176 2364.36 0.105197355838
512028 2387.9 0.0176329131643
68347 2254.86 0.0102642166055
175729 2163.54 0.0336458802649
511189 2120.72 0.0560386570837
501602 2046.06 0.0480935251048
163026 2069.54 0.334600945908
511733 2363.14 0.00840866849355
363344 2405.06 0.175357811374
513323 2028.02 0.0315720553548
513322 2264.16 0.038235727205
501359 2246.42 0.0268420965298
85640 2335.16 0.00890994220448
514307 2053.28 0.0811710440479
507697 2375.0 0.0339949856656
505996 2151.86 0.0308801873368
514553 2199.26 0.0830607225434
514606 2218.96 0.0236985951186
138727 2205.42 0.0688118061604
500034 2240.96 0.0385386526764
514656 2260.42 0.237540638553
196625 2243.32 0.0293795008028
511353 2313.02 0.0872785930004
944 2373.3 0.929549166298
512237 2295.56 0.0205626132096
511729 2287.5 0.0808386125288
38071 2395.38 0.0514235919547
511188 2356.74 0.821484038099
8405 2150.76 5.86450419705
363084 2095.86 0.0715735296068
515240 2339.32 0.00877926561919
502423 2148.3 0.00473227921393
515327 2373.8 0.0269651797776
515324 2072.32 0.0476367147463
10860 2184.24 0.119581375176
515210 2309.92 0.0371399179882
515407 2409.52 0.101764952025
515412 2068.82 0.0311883533877
515436 2131.88 0.0319214672175
509739 2210.46 0.0138419560542
503994 2184.84 0.0358335277463
511435 2109.6 0.0416605850923
141614 2267.08 0.048253662582
500017 2177.26 0.0393373265774
515527 2147.64 0.0435792839306
514276 2248.86 0.0312094458878
501912 2219.7 0.0260269907406
172678 2351.0 0.0647396320332
162567 2271.32 0.0101941770393
515545 2389.14 0.0385928518213
506017 2321.54 0.0520754546371
515558 2154.6 0.0761229898311
515600 2369.94 0.0352831233328
506390 2391.52 0.012220954994
503396 2384.32 0.0363309911018
168318 2319.44 0.0819001009457
511736 2126.62 0.107646909821
2340 2320.16 0.0136434781809
180186 2091.0 0.0906761071063
515864 2084.9 0.0645363959187
515880 2136.08 0.0656775368031
515983 2323.44 0.217833169791
516129 2329.42 0.0260566786115
515980 2294.44 0.0461318616664
516694 2038.86 0.140755131756
511749 2298.64 0.0231307084394
516804 2165.06 0.038365856225
516851 2085.06 0.0286728597892
517697 2032.02 0.0642283250844
513495 2021.18 0.0252225682856
516806 2234.06 0.031343110018
517925 2108.32 0.0152284424993
515670 2030.74 0.102724107626
517964 2316.34 0.0129603558318
231937 2125.84 0.0639072027356
517754 2188.42 0.0615393629648
138971 2050.06 0.0270860572958
162210 2107.64 0.0723612915586
20086 2286.38 0.363322246004
518183 2117.22 0.0752543996447
513309 2161.48 0.0811585022108
519660 2045.94 0.0554565436645
516130 2298.86 0.0430730760354
518445 2065.74 0.0500044660209
307005 2373.86 0.251641956567
1566 2388.66 0.0452080159945
517707 2385.2 0.122774737562
518823 2075.76 0.0510325765345
518947 2036.34 0.052358635707
516320 2389.08 0.101546265191
519449 2129.96 0.0267196438149
368203 2293.18 0.0514308860803
519518 2250.96 0.0874797420214
162183 2089.04 0.0134793883315
500164 2341.14 0.0149033946815
196068 2072.8 0.0710106246521
503398 2248.8 0.0251237976031
137120 2081.5 0.0138410988796
519945 2234.4 0.0265594907986
1620 2383.94 0.0395249449515
143487 2322.06 0.0680129685841
366746 2057.18 0.0262427539407
2135 2143.56 0.0167214179169
514559 2216.06 0.0196775876276
155338 2372.46 0.335672781062
164202 2175.92 0.165763194173
230111 2403.98 0.0461558029056
518811 2268.96 0.0801748691592
7482 2164.02 0.0195439489233
523070 2096.94 0.11032893932
523121 2251.94 0.0471729797494
2100 2299.48 0.158634655871
519528 2044.9 0.059193555392
502539 2029.92 0.0515238467658
526231 2177.68 0.0488883420383
527204 2409.74 0.028656794896
501082 2063.04 0.0477931584388
25143 2151.66 0.0140358936562
530363 2383.84 0.0283225588579
526474 2122.06 0.0777315102816
528810 2206.34 0.0437606326519
528423 2410.42 0.103261047059
446791 2195.16 0.0327816486071
514587 2127.62 0.0386277526749
529198 2416.42 0.0252823663556
529246 2291.44 0.0500423725774
520013 2160.64 0.443787876599
184266 2292.8 0.0216728969839
515981 2136.04 0.0664711703613
69230 2044.3 0.011517863936
452376 2169.84 0.0481377776956
503399 2043.18 0.135388563381
530965 2097.56 0.0536741267431
516848 2117.6 0.0917665881217
517946 2041.0 0.035378465269
501189 2331.94 0.0711707727506
162421 2356.88 0.0378100196073
530222 2054.06 0.0235903330611
517947 2155.62 0.0518721859454
500600 2111.5 0.059208262781
518241 2083.82 0.0926318268431
522446 2270.98 0.0311564487117
527976 2284.96 0.0606455740822
506394 2229.16 0.0237739858049
529248 2061.8 0.12629069291
515019 2172.98 0.0474774093967
179806 2304.76 0.0152262865851
483432 2276.72 0.016614730984
141525 2389.52 0.023312435332
530361 2273.58 0.0224223497336
306383 2386.32 0.0299679661199
531139 2311.3 0.026950757298
531237 2156.96 0.0400978084232
522435 2417.52 0.0454553636469
510748 2328.28 0.0295337374215
522264 2181.94 0.0355195708216
164121 2148.56 0.0318146445747
163818 2334.0 0.0218348644593
530413 2097.56 0.0574256709609
527986 2301.76 0.0238559246182
89959 2243.72 0.0188238985738
525630 2069.1 0.0631078249044
516204 2105.68 0.320229911785
10302 2301.2 0.0992748589947
531760 2329.96 0.129168558371
532156 2412.44 0.0166751750878
522447 2181.46 0.0100543240323
152561 2353.52 0.0448611033303
515577 2172.28 0.0103088395009
535295 2113.6 0.0307476938233
569478 2159.9 0.0992718993795
536045 2120.52 0.0763586185569
531298 2136.12 0.0335508255868
523367 2212.06 0.424154187057
535976 2346.9 0.0590439212931
522197 2350.92 0.184435040361
531233 2025.02 0.076756271192
504247 2410.22 0.0290162902512
500896 2358.96 0.0254711790728
519320 2069.42 0.0735530386952
537873 2258.08 0.0286060681265
517706 2236.58 0.0412461230173
518808 2321.8 0.0327495727211
163373 2358.84 0.00678809589229
494658 2095.96 0.0533167246731
530301 2241.92 0.0242399107598
530218 2050.1 0.0140192548247
480822 2354.1 0.0587942702811
518927 2346.66 0.0317545774546
536049 2377.28 0.206041791488
264357 2201.34 0.0358098158336
539790 2139.94 0.0886352655855
469896 2404.9 0.0200189499458
216258 2424.9 0.0631229493045
518821 2034.98 0.0142585921388
539796 2212.7 0.0452151903484
539825 2065.54 0.0431305112472
539912 2252.6 0.029926875635
450270 2342.06 0.0225629766496
515585 2033.72 0.0757814230495
531283 2370.28 0.0447270796346
199801 2078.26 0.0178248159295
527186 2257.4 0.0389224119807
540313 2409.96 0.0449871514426
518832 2137.16 0.0230686988605
537812 2408.26 0.0408831138528
541573 2154.88 0.013322647305
541555 2136.68 0.0315612087047
192563 2344.36 0.0411426666306
65679 2217.68 0.0197728908641
267494 2247.48 0.0337275508463
541726 2094.46 0.0329412310476
533623 2326.0 0.037720030508
337558 2258.24 0.0755490938807
374855 2128.44 0.0143375693667
199003 2270.22 0.0359600954777
297300 2419.96 0.0467671482541
529571 2205.4 0.0433092920577
538614 2336.04 0.100876257976
537138 2260.2 0.0224383265658
542204 2143.18 0.0457351972066
267729 2050.68 0.049058021388
502223 2094.42 0.00963617312204
542267 2282.08 0.0324178287992
542352 2152.6 0.0314969866418
511453 2085.56 0.0711746058312
68372 2408.32 0.0461518030618
544480 2036.14 0.0166761729967
542426 2333.58 0.0191566347704
264993 2169.14 0.0455617472322
504264 2243.06 0.0622753179214
742213 2072.34 0.066496817353
502520 2300.84 0.049039561346
542359 2412.2 0.0201736739988
100085 2121.38 0.0336063561051
531406 2298.66 0.0422589540618
520827 2041.6 0.0697470853599
415713 2313.38 0.00927075457046
89958 2239.94 0.0336083332045
228368 2117.62 0.0234250515858
314212 2391.2 0.0249637372554
480936 2194.02 0.0295988719742
53550 2027.9 0.0413931034984
31669 2128.52 0.0399761047538
542638 2294.42 0.0399042108605
506184 2238.78 0.0544551324895
144898 2332.02 0.022922367602
514466 2354.1 0.0120954547933
511266 2090.4 0.0503945520233
540853 2416.36 0.0409523218906
531456 2106.12 0.0411096392409
540804 2366.88 0.0391899642949
500080 2126.54 0.287869965836
517729 2242.58 0.0660667856794
153002 2097.4 0.0612723421235
518391 2119.92 0.0547714202484
544296 2406.6 0.00622410018302
216985 2311.72 0.0200525149353
242450 2163.52 0.0345311384348
221455 2243.3 0.0265163369464
544365 2231.58 0.0937929557385
143992 2028.84 0.0547163518539
481394 2194.36 0.0300279017279
356991 2351.3 0.0766061684325
541972 2279.6 0.0194158958176
546749 2271.06 0.0396935647084
544271 2165.72 0.0856158531323
547575 2309.86 0.205362295961
546939 2063.88 0.0656068696582
547594 2035.9 0.0358793822617
331876 2107.44 0.0142670747028
548933 2352.54 0.015827143579
99942 2120.0 0.00733504912896
549612 2133.42 0.0540309254346
549655 2234.7 0.0855298718266
549661 2237.46 0.0449987182272
541922 2157.38 0.0223541244702
531610 2391.82 0.0182923507447
417871 2363.6 0.0421935568171
6491 2053.42 0.0892652073517
177049 2274.2 0.0141301751864
85938 2257.68 0.0209895266484
532151 2315.2 0.0369273793374
523811 2278.48 0.0625534035945
531129 2093.56 0.0744158492879
550259 2364.6 0.0347801595419
144900 2220.82 0.0368137532159
450293 2048.88 0.0524911655198
357594 2167.84 0.00491701070164
5797 2332.16 0.10067779533
387668 2189.24 0.0143840485401
141432 2352.2 0.0206455563046
550925 2141.5 0.0302257116851
551340 2317.9 0.0622019033876
390725 2335.5 0.0372844048923
544492 2373.52 0.010118684381
535293 2047.48 0.0317218737037
551699 2151.3 0.0187527962237
542645 2380.48 0.108967761571
450894 2156.64 0.0308103326753
494690 2058.18 0.0384246897773
37655 2031.82 0.042608514425
138127 2273.3 0.0156164101776
552620 2329.1 0.0647275008067
253841 2052.02 0.0269398350359
344076 2114.14 0.033124119961
552613 2319.52 0.0183970658784
154302 2217.4 0.0557985233335
5496 2140.86 0.159665636118
538626 2262.2 0.0335776469143
428209 2342.88 0.344880677821
247360 2083.28 0.0911172812111
513441 2310.36 0.030179387926
562431 2060.2 0.0700423575038
511205 2247.58 0.0369556227436
542854 2254.62 0.0945516823221
554129 2231.1 0.0843429182138
363790 2145.16 0.0433879051755
357028 2050.14 0.0160466617638
136795 2239.08 0.0417700234351
554302 2215.6 0.0175529076924
489486 2192.8 0.0519858430982
202683 2046.82 0.0443782378547
329614 2057.34 0.0593758448703
358471 2422.36 0.0245921359338
288807 2356.92 0.042065627626
554532 2419.24 0.019995178887
519957 2373.08 0.121803424286
512233 2154.36 0.134323654594
163899 2336.06 0.0103911105199
488453 2066.08 0.0230149562656
297418 2333.84 0.0203103297574
385252 2315.1 0.0236456617452
540915 2338.22 0.0254420011871
462238 2049.04 0.0552214041814
417949 2025.62 0.0571429624643
162998 2257.54 0.14040553377
444193 2140.2 0.0544086063382
399774 2186.86 0.0134116301941
19356 2191.68 0.0503138459084
501888 2208.9 0.0639945364241
554692 2110.44 0.0291075918809
554609 2397.22 0.0234037424464
554633 2152.14 0.0877265199022
554719 2388.82 0.0822013740731
207945 2369.42 0.0222987420185
537870 2400.94 0.0311294366353
308242 2313.94 0.0436449899281
434326 2380.66 0.0338343630243
552016 2150.32 0.0306332487493
529192 2409.84 0.0278857638756
189865 2367.08 0.020763031387
33342 2081.32 0.0185389291969
554518 2146.26 0.0295923158225
312070 2087.98 0.0257999093287
141851 2335.68 0.060570845347
555888 2383.04 0.0166495615544
252399 2033.06 0.014858027031
501623 2275.2 0.075036462148
434196 2271.0 0.0460302174417
555042 2295.36 0.00998496619521
488789 2306.56 0.0304395028156
175706 2411.74 0.0293445339013
556751 2386.0 0.0352720219023
544489 2304.46 0.0442142934051
514261 2179.56 0.288934961447
555903 2323.0 0.0163903775659
302831 2231.14 0.0321457819007
455176 2351.0 0.051179950795
363067 2149.92 0.09448044643
206910 2097.2 0.0425219783188
535252 2085.0 0.0680681332315
11500 2034.06 0.0406077463586
152770 2109.12 0.0487648882358
18106 2353.5 0.216345924458
561615 2112.06 0.0245835137644
556338 2155.04 0.0516551397763
4179 2254.4 0.0203475662756
562417 2048.84 0.0309701549076
35107 2350.46 0.0127889697017
341843 2340.98 0.0198305386924
348314 2273.68 0.0637525745207
559123 2024.48 0.0563328630754
137126 2111.06 0.0391552153734
163348 2301.12 0.150635860744
562812 2378.28 0.0244772032706
537867 2233.88 0.0386367496646
311044 2299.18 0.0567532020244
2101 2384.8 0.0342278232393
562565 2032.16 0.0701145348067
559169 2310.6 0.086267551595
562798 2297.04 0.0813275534885
563009 2035.08 0.0569720809625
504034 2310.28 0.91974838898
4953 2065.06 0.0334792373245
563916 2347.14 0.0493262995802
550747 2378.96 0.0250174760549
564012 2290.92 0.0702375226583
555961 2022.2 0.121011188073
564010 2297.26 0.0312701819543
526225 2079.24 0.0570055449524
302169 2088.06 0.0166277206787
554108 2374.48 0.0457302019085
530300 2078.72 0.0247957543299
601140 2057.74 1.35203881192
566290 2372.12 0.0660723720323
564648 2170.96 0.0423175685424
530822 2081.34 0.0560997754735
515193 2020.2 0.0223231677949
550889 2055.82 0.192221467477
565856 2301.82 0.0211101959234
461852 2114.18 0.00798701319651
565620 2118.78 0.0291892954918
510746 2046.82 0.0352215860602
500101 2233.9 0.0332492355547
153311 2091.8 0.0267174307923
557761 2092.0 0.0179299018851
565579 2211.4 0.0336391644729
8035 2172.06 0.266312407595
528484 2269.88 0.0286864245061
161989 2170.54 0.0359473472071
3908 2177.54 0.0759526616959
418135 2140.7 0.0175570101625
554573 2080.86 0.065183952768
154276 2074.3 0.0258101515649
378160 2353.9 0.0248092040125
27002 2028.34 0.013713124538
4660 2122.76 0.0126804744101
301844 2396.46 0.0359275033731
164211 2180.44 0.0332181010048
437905 2251.92 0.0659055424123
52760 2344.58 0.0102478020893
565239 2180.74 0.0508327423224
555538 2135.48 0.0123690778463
565266 2301.88 0.262029817535
163132 2171.52 0.0644427481396
567059 2195.36 0.0625728801319
186844 2381.12 0.0487887440414
139211 2094.34 0.0569152355913
10115 2157.32 0.0421920172318
567393 2259.74 0.076227294242
564649 2270.24 0.0357765804097
162783 2415.66 0.0381990215051
547645 2294.68 0.0421489148737
141593 2107.42 0.0253089008391
450263 2267.7 0.0895616112169
822 2024.32 0.934113406946
542522 2143.82 0.00769506259319
567609 2098.54 0.0390291640326
143649 2400.24 0.0436112218344
279816 2059.56 0.0628325329021
567374 2052.26 0.0520197851245
518286 2330.3 0.013105248502
292220 2038.14 0.00874940044272
137427 2102.2 0.0967319251328
363505 2176.58 0.039049712987
505610 2226.94 0.00911968564177
511299 2131.12 0.0615922092827
7753 2376.32 0.0248755506528
367248 2378.86 0.0190271988714
566918 2071.94 0.438275444285
567698 2044.56 0.0464337705414
530883 2051.6 0.185197692803
417634 2275.92 0.06649000127
550908 2327.82 0.0234221165834
8034 2212.7 0.0983160256149
3361 2041.32 0.0142696875918
568007 2130.2 0.0254833492065
567935 2351.42 0.0199725128795
205744 2087.92 0.116421522147
162361 2320.3 0.0171510926945
7236 2056.34 0.230721980604
242216 2289.34 0.0162975398671
467460 2367.88 0.0128747854388
550257 2295.92 0.0368076838857
566554 2147.62 0.0263331302958
568781 2369.22 0.0341138769355
554835 2114.58 0.033277218574
568376 2419.86 0.036562570412
66391 2096.5 0.0413274807751
568771 2269.6 0.206356712739
566835 2027.64 0.0423456965934
417419 2338.58 0.186826612182
568360 2322.28 0.0211460206171
565836 2238.74 0.0406134774165
242643 2094.46 0.033386174762
518384 2234.5 0.0604733235129
562803 2083.82 0.0675548299425
566309 2396.3 0.0492686814679
553821 2077.78 0.0487011508448
13651 2207.8 0.0508524333525
571114 2372.24 0.0384558799948
506474 2089.68 0.18483561493
446862 2139.42 0.0546353503461
571235 2373.26 0.0301390295135
525638 2176.7 0.0352050850265
422686 2405.82 0.0406578671489
277475 2206.86 0.0137310532801
500697 2376.14 0.0498232584222
567424 2278.62 0.00786618819543
500814 2057.44 0.0341424087355
557745 2105.64 0.0483991232423
559747 2355.64 0.19020682502
568907 2122.48 0.0231541271106
10682 2307.08 0.783261968647
572348 2229.72 0.0176286725341
197588 2107.1 0.0752705474437
554297 2368.14 0.127066602204
451124 2139.98 0.0815507131881
444004 2334.24 0.0525005332613
572706 2253.66 0.0101366699819
200840 2101.3 0.0486368792928
413260 2107.74 0.0593628151262
164216 2106.48 0.0146391110464
329437 2044.72 0.0492196510548
20898 2316.5 1.04845475942
573959 2250.44 0.0486165258577
423321 2418.1 0.0354836705563
518831 2309.4 0.0201685009813
2212 2267.32 0.124582306566
573992 2085.7 0.0362654296763
363734 2050.78 0.0746597367974
4034 2346.6 0.036594346649
86039 2209.36 0.10771607322
163697 2028.52 0.0586011316519
566458 2407.06 0.0439232014672
12923 2164.62 0.0268391508937
503394 2096.84 0.0196755190251
337075 2277.14 0.00850368253833
468468 2133.92 0.0145613212917
68548 2029.78 0.0168045638132
578680 2052.82 0.101228416498
439877 2044.42 0.0826763121736
494697 2173.8 0.0677757065729
500894 2358.86 0.0219767114601
359170 2365.26 0.0980763713335
515182 2262.54 0.0332794908668
542903 2036.92 0.090408510992
325395 2303.12 0.11942769853
501824 2111.22 0.0207394937431
417217 2179.72 0.0306221559604
568914 2061.4 0.0670605246962
579177 2125.32 0.0501728505617
89136 2244.96 0.0597503735251
330233 2295.6 0.0365195124105
579163 2041.22 0.09474583058
579164 2048.64 0.0975789120297
1486 2407.52 0.92573359473
481482 2020.56 0.20535446378
570948 2421.54 0.0295163673564
504419 2336.34 0.0426072439125
567699 2120.3 0.132327900528
504800 2297.58 0.826511634713
1204 2264.88 0.604080386856
580707 2080.6 0.115844476297
580857 2182.04 0.0273309210203
579867 2382.94 0.017966881035
506470 2093.58 0.0479939734883
580706 2050.18 0.0576566594634
580375 2375.76 0.0320818033607
138404 2041.24 0.0293303649292
567997 2131.54 0.0316873684085
289315 2050.56 0.0626696342744
507684 2350.16 0.028746929312
3200 2411.78 0.0295998368543
583501 2108.2 0.028586795023
435548 2340.06 0.0804340292109
260141 2044.8 0.0379938984943
583807 2062.08 0.021804079666
572216 2146.62 0.0509039605621
583898 2026.62 0.0306401740341
520616 2031.0 0.0153089133439
519466 2048.8 0.0216547141706
405762 2205.46 0.0584133156644
503634 2315.38 0.0334532042285
584690 2219.44 0.0796854203086
26663 2315.48 0.0233076411722
333521 2214.18 0.00904179860231
267337 2336.96 0.0316781259031
22143 2218.8 0.81353421994
139622 2403.92 0.0655379352646
586439 2053.92 0.029116772794
162510 2279.22 0.0269596690167
22753 2349.06 0.0422102754663
586760 2306.1 0.0624817193194
369057 2285.6 0.00699512278338
170086 2381.82 0.0158161515473
559761 2306.5 0.0178161586228
357022 2298.76 0.0509862521686
374851 2076.68 0.0354462786458
566308 2328.18 0.0220513765458
583474 2293.58 0.0472414443779
19764 2168.44 0.235953738247
163243 2295.06 0.0226613661152
350751 2143.58 0.0194504707518
3757 2113.76 0.0575718338224
87684 2189.24 0.0474063273723
490581 2408.8 0.0372681695816
583462 2167.66 0.0237870584582
515595 2386.7 0.0126132291921
385343 2043.58 0.0175510427325
438105 2341.28 0.0311459998407
85182 2083.4 0.0294526969579
455299 2178.18 0.026116448214
255071 2181.38 0.0334463690615
452302 2281.98 0.0425259286955
568922 2044.58 0.0837032774652
548604 2421.5 0.0130139521948
1981 2226.14 0.0491237373184
386454 2114.68 0.0371331344251
65909 2190.04 0.0140422568665
566417 2304.08 0.0148934953746
401954 2171.42 0.0209085045268
480858 2066.78 0.0350781382167
520900 2398.7 0.0164973577511
53319 2315.04 0.0287683500191
350523 2315.52 0.282720422813
562009 2414.08 0.163446830696
18736 2042.18 0.224509303504
500666 2091.02 0.0419051199051
332446 2026.3 0.00796966746742
354182 2022.56 0.00395258377541
583126 2227.78 0.0313230384242
290772 2174.16 0.019359624088
514941 2182.76 0.0514314181925
594821 2024.62 0.0490632844148
595027 2144.12 0.118716156694
594077 2253.26 0.126516048229
162000 2161.64 0.0123071778249
501709 2139.54 0.0375839061656
5020 2374.1 0.700556049919
595019 2316.18 0.0549363033701
595036 2225.82 0.0821315025542
90403 2379.88 0.0308576158209
162422 2202.94 0.0210697489351
469445 2346.44 0.0187381588914
549651 2160.56 0.235426701887
357622 2099.62 0.0439303051769
26760 2362.24 0.243861428735
583463 2105.9 0.0807867336409
601623 2080.42 1.13336787095
601441 2308.86 0.983780440516
593094 2339.3 0.0450578067038
5143 2405.46 0.0332985723147
593264 2020.22 0.0478393733
597201 2179.6 0.0552980829335
542815 2126.84 0.0136812182817
216115 2293.24 0.0368831668852
476601 2041.24 0.0317545634335
385605 2055.48 0.0202477877142
41429 2350.6 0.0245293900214
143624 2275.36 0.0682838301919
380636 2095.18 0.0141760427755
86819 2319.02 0.0481204764818
26817 2087.9 0.161073390387
597898 2067.38 0.0305808322639
101955 2253.22 0.0124189107838
263976 2169.42 0.0649645342426
601824 2405.4 1.57473869004
141053 2272.1 0.037731162915
598169 2312.42 0.0506787223066
481457 2047.9 0.0286679822912
5248 2417.26 0.834078929327
458122 2207.8 0.0475211019425
434096 2101.28 0.0264390462679
163364 2343.36 0.0218575340948
456938 2116.26 0.0217767503709
597704 2170.36 0.0273269151029
519148 2350.62 0.0222476491285
67367 2147.2 0.086891330811
16834 2042.52 0.137048040205
599109 2226.22 0.0313106143558
600115 2209.32 1.27995123456
600159 2256.8 1.9409608759
435159 2225.46 0.0402280433966
448003 2054.2 0.0239455675801
600011 2143.14 1.07576860734
600774 2106.18 1.4286672521
600642 2359.78 1.00690497594
600662 2056.34 1.96116236755
600833 2045.98 1.44659357305
600767 2400.46 1.02013720105
600780 2076.5 1.0536317779
600759 2362.96 1.70595258932
598971 2073.54 0.0330647984294
600734 2395.56 1.42245266627
600756 2288.44 1.88019120598
600543 2025.42 1.12591710797
600677 2388.68 1.0060418472
600095 2027.28 1.60873403399
600427 2240.12 1.09238106631
600032 2328.78 1.54214068043
597204 2105.02 0.0203550195915
600853 2410.22 1.66687138471
600548 2311.54 0.869782126038
410627 2166.12 0.0341833361264
4924 2408.52 0.694202558216
575072 2038.12 0.0356096083428
600251 2091.3 0.0743208113879
399457 2029.82 0.0967329805452
600992 2184.74 0.881145305456
600231 2102.68 0.0424249899519
162474 2228.84 0.0270467819138
601162 2361.92 2.08317864936
140158 2110.3 0.0357890263604
308635 2021.66 0.00857129379113
68950 2133.86 0.0271947079259
591177 2381.72 0.0312705521367
554280 2125.12 0.0490780473705
594704 2163.0 0.0234118389043
601301 2176.44 0.975835868295
600936 2377.96 0.0227961468592
68216 2030.98 0.0159404026044
601036 2074.0 1.49655811818
601104 2423.96 1.05616019214
511413 2255.08 0.0531196214338
600017 2191.98 0.135750115138
413989 2090.48 0.0519767916845
601522 2364.12 1.50604658346
601019 2073.52 1.18267727478
363116 2083.64 0.0247337842463
601560 2413.04 0.0307238839033
602134 2326.52 1.47514474233
4015 2407.56 0.103453202655
601589 2173.24 1.4839957211
601478 2195.18 0.0424556349769
601737 2358.06 0.965171344165
601533 2270.32 0.0396018677501
358744 2166.56 0.0292781531178
600902 2303.94 0.0141457388
601756 2422.34 0.826616198825
601618 2103.88 0.99292674412
217430 2043.18 0.0244946673236
1720 2113.76 0.982534423873
601800 2054.04 0.00567910984207
154275 2148.1 0.133003337532
411165 2365.24 0.0349168624844
602359 2271.88 1.38701291323
602379 2375.74 1.41496424262
601826 2050.02 0.876934033447
602099 2406.58 1.53211478345
602156 2028.06 1.18081507881
579810 2316.54 0.037714167519
140039 2217.26 0.0556482537718
230549 2085.34 0.0445861740347
140288 2278.28 0.0844588707115
600971 2059.24 0.0241886303332
601935 2092.8 1.4299623044
207398 2315.56 0.0272508256525
602745 2028.5 0.0426842966657
85774 2072.42 0.0893132996926
603224 2256.78 1.69803151897
310442 2063.9 0.0213346902163
603492 2323.74 1.15013349938
603812 2396.7 1.57911791801
603228 2040.64 2.29156625673
603251 2280.34 1.06205052538
401856 2343.88 0.149556759727
451297 2358.02 0.0148912964656
602746 2110.64 0.0666032522864
603650 2195.76 0.0208116354805
604308 2179.66 0.0173959615908
603665 2146.58 0.0150568460508
18109 2210.96 0.205371387024
561557 2085.66 0.0168023194575
416195 2142.6 0.107190621169
443880 2266.88 0.0508878727897
139359 2089.32 0.20091813538
39572 2350.44 0.0447950243474
8709 2111.36 0.31467939945
152664 2392.88 0.0288551660099
4486 2329.44 0.0518577736961
594707 2307.44 0.240414724956
206378 2080.04 0.0575474403763
580379 2419.16 0.0283176642436
603852 2120.92 0.0450217580258
599854 2368.04 0.0249517717748
3122 2269.86 0.066623229661
604054 2414.34 0.742371647499
603983 2375.86 0.0765542407535
563168 2064.64 0.0297434538448
10278 2023.02 0.790422151332
465617 2343.68 0.014985860567
514646 2124.6 0.0325685296605
434188 2347.88 0.0392103306864
527495 2326.26 0.0530014418358
374038 2284.44 0.0473544022343
194006 2390.88 0.0170500369779
3671 2064.12 0.0443884630833
550246 2397.08 0.023862615135
541550 2394.66 0.0279353384256
20429 2087.72 0.0592252619154
542853 2094.32 0.0177706196924
7304 2212.52 0.514610953929
286080 2313.32 0.0477156063607
136618 2309.4 0.295131364915
546752 2282.78 0.0127007935934
4769 2169.54 0.0302587872372
226514 2101.7 0.0154697312085
601335 2061.46 0.0383895171472
387746 2128.78 0.199481753247
423709 2046.52 0.0180975159952
138524 2081.22 0.0416450476452
565820 2350.0 0.0552271594006
604662 2183.62 0.0243409957159
29075 2213.34 0.0382003090566
572709 2368.44 0.0114290007731
153814 2210.78 0.0808752785861
434633 2160.42 0.203738478968
429094 2269.46 0.0485689795097
541311 2344.8 0.0622577730581
2110 2182.32 0.811066888946
16960 2377.2 0.0474897953085
163014 2137.4 0.113513538872
382745 2403.4 0.0383272257835
360191 2231.58 0.0241654969853
53789 2383.06 0.0593485541082
89830 2143.1 0.0483106167446
367789 2321.44 0.0169903106147
5011 2353.04 0.0401384392448
279744 2292.76 0.0606770920099
600232 2390.38 0.109066221202
17182 2372.96 0.134961856126
605728 2328.94 0.336138699097
153958 2143.88 0.0297722301346
552029 2361.36 0.00839836115812
604322 2089.82 0.0161038609521
595034 2082.04 0.0561677762588
588800 2138.36 0.0572778115332
3338 2182.24 0.782915444387
606100 2408.06 0.0565332219776
408792 2385.94 0.0705994906845
136617 2059.18 0.0182755189998
605736 2029.96 0.0271481132275
5693 2354.78 0.0186125075059
377732 2235.84 0.163320229262
544458 2049.7 0.0384538346079
220839 2046.88 0.207355876861
368565 2052.08 0.0347375034225
26031 2325.9 0.856455604194
65803 2405.76 0.0449471792535
455687 2386.8 0.24419123402
162173 2263.24 0.012315826469
567394 2070.36 0.0581470148364
501524 2116.26 0.0416965181096
403775 2118.28 0.0175490322977
444584 2281.88 0.0228353658813
475534 2351.66 0.0135402571871
4183 2145.3 0.0236425490793
398188 2333.74 0.0374725877787
375103 2062.04 0.0223195694697
143651 2394.48 0.0210381191676
277570 2239.22 0.0267759437106
382758 2339.66 0.033709085448
566454 2131.88 0.0727789509131
587513 2046.48 0.092074582003
152754 2048.6 0.0234800360087
375054 2400.1 0.0568523410594
141495 2228.26 0.0200364111554
608556 2237.54 0.0128956467562
604390 2164.44 0.0203500565229
553982 2079.88 0.0149396479188
608557 2358.98 0.0868741619822
9856 2282.66 0.0315277788726
349068 2065.18 0.0230849980221
153220 2074.86 0.0547851334365
164400 2149.96 0.127699216495
458116 2084.48 0.012823438117
624311 2099.58 0.0441129210105
5933 2228.46 0.838683586877
192642 2027.9 0.142233104391
8014 2379.1 0.0133318778611
441641 2094.52 0.0267189545312
564527 2322.38 0.0354578142426
4847 2322.68 0.975300589248
3519 2413.38 0.785565687472
462550 2332.32 0.0211900420897
600110 2047.94 0.891617215155
578074 2142.5 0.0392591183241
648503 2157.68 0.0258958646033
611989 2147.12 0.0685080313801
611993 2091.16 0.06448829755
611433 2120.56 0.0865219352105
171839 2364.94 0.0535768755153
269690 2094.3 0.0281451928753
554564 2153.44 0.0339091115669
163051 2368.92 0.021782436277
514448 2036.04 0.0441322197113
5786 2403.56 0.196012136022
365424 2174.16 0.237027775802
611592 2087.56 0.011530131973
18761 2143.74 0.958254777341
365071 2024.44 0.147717486508
374158 2100.86 0.0190769416784
542650 2387.9 0.0496842488884
3175 2147.1 0.882147011422
177614 2107.44 0.0112493859397
214869 2120.7 0.0331431693653
53426 2191.88 0.0188786080709
505657 2283.08 1.05027116132
620051 2047.06 0.0274660455451
612731 2378.32 0.0331370426836
440212 2135.22 0.021439825581
363305 2204.88 0.181943605
594706 2119.56 0.0121649803118
612928 2136.96 0.00798678133982
612800 2211.28 0.0546673862122
601288 2122.72 0.0105053956988
612927 2129.04 0.0901265988371
567261 2199.68 0.0340980497288
4781 2219.74 0.755461301658
437844 2389.6 0.013666447861
365014 2328.6 0.118703323018
26045 2374.0 0.838477268165
111253 2292.42 0.0452760486577
1862 2235.64 0.0330390675901
604320 2103.72 0.142495373472
23187 2152.34 0.0178950172457
584691 2230.36 0.0657272206715
37638 2297.86 0.0109255101444
604620 2142.04 0.0579037346804
162082 2137.24 0.0544228664589
614819 2145.46 0.347750417695
556339 2057.4 0.0759169006547
613587 2318.88 0.0438990462707
382406 2111.14 0.0434715111164
511551 2080.64 0.0366169987616
612741 2168.86 0.0283499900653
604851 2364.42 0.0875818641637
242708 2161.04 0.0323200547228
615069 2268.76 0.0223621999665
615066 2055.4 0.048636816447
500798 2345.62 0.0361481759623
500764 2026.0 0.024783699026
153201 2308.46 0.00927055987597
608568 2243.08 0.0295858825804
212546 2302.3 0.15627421138
333578 2202.12 0.160952376658
7358 2322.08 0.141088996738
23135 2376.76 3.72015614846
599833 2411.3 0.103872849124
88254 2088.78 0.0207928753923
235756 2419.46 0.0488467592535
613588 2124.8 0.0470232501887
614829 2238.94 0.034310001523
615298 2049.08 0.0346771500863
138175 2199.66 0.0132740616027
613497 2379.56 0.0358993842638
488515 2378.86 0.0104943986004
483989 2412.18 0.0911999888904
194268 2332.28 0.0307041555069
159857 2074.34 0.0415761531604
342866 2035.98 0.0301219350051
244977 2235.6 0.0253950977914
471323 2318.88 0.0283972909171
430804 2078.42 0.0581271002282
604474 2117.28 0.018071874319
566418 2122.96 0.0154420476124
597645 2095.12 0.00982475340471
550002 2122.16 0.024730989793
614600 2028.32 0.0642701732457
9572 2035.82 0.679458537067
7341 2322.44 0.0516341453954
434677 2311.46 0.0446537248405
162825 2064.72 0.0678781868893
11088 2253.08 0.821588243359
603748 2094.52 0.0769092033272
6037 2226.1 0.025605354527
454101 2301.62 0.0232626657464
361754 2095.96 0.166018253428
606282 2098.88 0.0634429671361
16205 2262.8 0.816290692663
562809 2066.56 0.0689097491414
430440 2029.74 0.0425218699613
406213 2349.82 0.0544516117467
20826 2196.6 0.13491891451
606022 2300.42 0.0370701587291
377097 2395.14 0.0440522854936
13551 2058.98 0.358581443662
85990 2253.48 0.0309462348437
68346 2112.68 0.0375210154936
617830 2271.12 0.0306230141582
617844 2039.96 0.0675331764245
417612 2244.14 0.0236490880965
185851 2195.16 0.0206162079643
10145 2063.16 0.0597112919314
9301 2383.9 0.733222338033
512021 2416.44 0.0267828968195
410778 2071.26 0.108382369376
154269 2313.7 0.107308928616
601336 2257.1 0.0282553093567
152828 2424.54 0.0654392739073
163683 2255.8 0.0315270402632
250706 2228.84 0.115816906527
515734 2381.88 0.0691633156914
419624 2343.3 0.0287021500491
616558 2046.68 0.0290266638655
267131 2271.22 0.02839197045
265196 2394.2 0.0707666212772
12398 2175.2 0.881020109625
2102 2424.6 0.0355265008713
24635 2417.26 0.84973421491
613973 2041.2 0.0093520347474
417816 2370.18 0.022837914917
501401 2078.28 0.103663919014
424482 2280.46 0.0318011187163
618357 2303.64 0.0123071850155
430544 2279.66 0.0507039478669
90416 2277.22 0.031669607009
103067 2233.34 0.121271980481
613246 2401.64 0.0725932076353
382825 2238.26 0.0219569846897
187040 2140.92 0.0397851004125
633545 2028.18 0.038640886454
616976 2079.02 0.0312876422178
20234 2211.36 1.04550515235
608317 2288.7 0.162851387053
540640 2067.78 0.031694926563
593403 2378.62 0.0884660094735
616732 2256.26 0.0416332468033
618118 2291.3 0.0462716617128
598888 2029.86 0.0641133777735
304330 2223.3 0.0383058243475
617786 2264.56 0.044417121034
6647 2111.6 0.792568102348
539782 2317.4 0.020751373539
85236 2194.34 0.0115870026807
13966 2229.52 0.832482358379
8568 2311.04 0.936250074922
618529 2079.96 0.0479206447593
85713 2111.2 0.025518469395
162162 2298.88 0.0252271726958
618777 2288.58 0.657896823909
22627 2239.16 0.867594429744
500098 2368.06 0.105929872875
385186 2276.62 0.0536258123297
35396 2260.18 0.0128082097247
483423 2372.68 0.0333240271064
7822 2118.4 0.0409086073645
21275 2383.94 0.779436623851
597626 2110.86 0.0779161951324
24443 2264.46 0.045847110126
600676 2029.1 0.881322341768
243566 2067.78 0.0555137529641
618423 2074.52 0.032977714369
605341 2361.46 0.808801039903
554579 2362.22 0.0496674889842
311066 2234.26 0.148832495366
138095 2203.16 0.0663307843969
391211 2173.26 0.0916401354114
483560 2110.36 0.0131353489471
617432 2419.4 0.0558297977354
619571 2161.68 0.0562528191693
539990 2261.76 0.137050228502
415745 2056.2 0.0125163658163
567619 2410.84 0.0365684705018
366774 2127.64 0.0302439864963
619048 2029.74 0.0571661440471
152978 2163.36 0.0183172666329
154330 2415.82 0.0343140439755
576721 2302.84 0.0193029072949
154590 2109.94 0.0215542754817
152560 2228.44 0.0339609441403
622139 2156.62 0.69918760508
52768 2067.86 0.0206561831235
477465 2283.96 0.0502604225062
267720 2329.26 0.0230338765935
450142 2360.56 0.0246782383097
597712 2075.52 0.0278451689462
574322 2241.22 0.0595976442037
618422 2170.44 0.294684123216
2201 2281.98 0.0381664087218
418416 2126.48 0.033290892264
602844 2403.12 0.0338426501281
618800 2104.9 0.100880029667
1863 2354.38 0.141350142157
625944 2165.22 0.040990507883
518288 2144.46 0.0487234885025
22807 2123.32 0.650274010213
422787 2323.02 0.0255258932097
625444 2348.34 0.0313053031377
500027 2024.24 0.0234759756321
622027 2268.52 0.035152138582
547607 2086.62 0.0485152474686
576572 2124.34 0.0448849522154
611610 2159.9 0.0410755972352
625945 2250.38 0.0872370505582
136849 2068.62 0.0347377139594
626324 2265.46 0.0553866551886
23332 2101.76 0.822684352137
6239 2197.04 0.0258645154438
625948 2365.84 0.21979378021
326290 2026.38 0.112160027542
602546 2039.84 0.0149527867951
628412 2045.52 0.0471887150126
608918 2112.1 0.0442607985936
628424 2198.34 0.0798783107173
574368 2126.68 0.0325715773858
595048 2207.62 0.0467280288734
496005 2276.72 0.0633464395808
621316 2130.48 0.0327758635113
303450 2117.22 0.039180208416
591534 2023.88 0.0463060711115
490354 2185.5 0.00780999033787
483422 2386.86 0.0637253227901
519956 2243.26 0.0420868971119
628618 2287.84 0.0405130878015
7350 2048.1 0.0808693772119
621097 2399.24 0.0415088429783
619323 2231.56 0.0247240404743
610757 2353.7 0.0345503824887
628969 2084.94 0.0187648128021
629184 2149.16 0.0342481873062
628871 2356.78 0.109777924424
481817 2190.48 0.0194517224927
630880 2085.32 0.104235424592
540639 2181.4 0.0925291917243
615070 2033.32 0.0260229682155
613123 2238.6 0.0215813385653
170903 2277.08 0.0525634961386
417211 2038.48 0.0430254866872
189040 2021.56 0.217739991014
436329 2186.88 0.0572937818299
480808 2339.96 0.0412019961713
276033 2070.64 0.0174389802894
11054 2025.26 0.199779812999
416591 2046.42 0.0596709045125
416801 2123.56 0.0187745749414
601459 2422.12 0.996604686568
144332 2263.02 0.0220376937902
578072 2038.14 0.0396434370802
451157 2228.18 0.0378252289852
386847 2043.72 0.0271492601326
445305 2358.42 0.0149858627512
458418 2137.0 0.0395304273088
562819 2418.52 0.0158957651414
616216 2144.6 0.108076284764
621091 2150.06 0.0465665288811
630898 2399.12 0.0612603447302
418849 2175.26 0.0325758239205
250620 2290.64 0.0829569436439
619121 2344.94 0.197953267575
457768 2040.62 0.00944031682599
628619 2260.4 0.0198039255817
216523 2035.36 0.0764231027331
622026 2033.22 0.0962133187066
388188 2044.1 0.0324785787076
215588 2390.42 0.0194551813582
593776 2179.64 0.0689325072441
163249 2263.12 0.0215094690033
619390 2282.82 0.115318066356
425755 2316.56 0.0191130770755
604473 2411.34 0.110500680212
164207 2127.9 0.017692957892
595679 2246.4 0.106800246494
617761 2139.74 0.0353304932924
650282 2097.64 0.0363557529077
634149 2159.34 0.0162241183508
455184 2405.14 0.0331943431701
7335 2131.92 0.0389788864282
634478 2092.88 0.00731292958539
275677 2207.44 0.0149690566768
11284 2117.88 0.293814271059
634416 2248.76 0.0322484045673
527099 2080.34 0.0412541205081
390929 2064.38 0.105945442722
635235 2021.66 0.0428244382566
634945 2179.06 0.0148761526232
628935 2341.52 0.0458640709461
285263 2190.94 0.0621047803465
451003 2103.04 0.0963415757717
494999 2348.38 0.0240961879983
616243 2192.5 0.0293211561173
617010 2118.12 0.018097594077
317255 2194.24 0.060926048705
628276 2305.8 0.0421934845179
638531 2364.66 0.0417559537919
562822 2044.9 0.0344335616502
618114 2095.1 0.124826203813
65690 2083.58 0.0603543562522
26192 2129.14 0.810347432197
467336 2163.48 0.0441353272955
638471 2314.72 0.0505512946307
359369 2346.0 0.0345233925948
631341 2132.1 0.0480047770994
604002 2293.18 0.0311659791667
635145 2403.64 0.108812036114
638671 2053.3 0.0236451335478
639239 2030.78 0.0170661101712
414990 2075.12 0.0156523631861
540636 2246.3 0.0531004162176
635185 2287.9 0.0540589118866
618333 2280.98 0.0907492210755
634271 2046.24 0.0725840094149
520017 2172.44 0.149209487029
600564 2290.08 1.33417670487
554602 2168.02 0.0604566405914
631697 2299.78 0.0379110966009
208023 2287.04 0.013831862104
482467 2138.28 0.0900047601065
635274 2212.5 0.0558794169088
603247 2206.72 0.995480021324
412983 2280.16 0.0450877694546
465824 2133.18 0.0143781856313
600727 2416.22 0.853185890421
634693 2154.88 0.0472393105101
500028 2170.62 0.0243746947576
410777 2265.52 0.00747618508896
592031 2158.68 0.0148422113112
639808 2059.8 0.0285872254072
409836 2214.92 0.0357955585348
634007 2194.18 0.0482639292425
572004 2402.32 0.0190186492936
363599 2243.54 0.0313252939613
466130 2205.5 0.0325941581168
611709 2077.36 0.033297919955
635837 2253.84 0.0343726768061
600098 2034.18 1.01732893729
635118 2263.52 0.0242711055003
604863 2092.08 0.0636576058713
599107 2054.04 0.0343280269175
639013 2267.12 0.0428870137982
416151 2324.44 0.0427602372467
378358 2418.06 0.0585831214107
3360 2197.78 0.0101975877355
639878 2091.78 0.0913792540518
601507 2405.18 1.31245881421
618406 2200.82 0.0537458233068
484506 2185.2 0.00984460664003
438661 2397.16 0.0983137766426
442037 2308.04 0.0514332944337
628407 2206.16 0.0234346030776
639773 2099.56 0.0661959098425
65717 2309.58 0.0480119636954
613970 2332.8 0.034067010191
173561 2092.78 0.0440021799348
484976 2227.02 0.0935085265066
640835 2080.02 0.0396724646525
348400 2390.78 0.078275946947
639416 2069.42 0.057435602377
3552 2153.8 0.641457848087
171576 2147.06 0.0596417115472
640141 2144.0 0.0946324070229
506732 2263.76 0.924576221393
615764 2054.98 0.0448786751202
467351 2030.52 0.0262140545616
6063 2116.64 0.111085347667
465633 2239.84 0.0274721183139
604318 2206.72 0.155122491973
602387 2239.16 1.1366686844
494710 2038.34 0.0469194308539
442523 2415.28 0.0829169175341
618319 2344.38 0.0468158401528
639417 2179.2 0.0775762940515
453563 2363.62 0.0152638742742
251346 2410.86 0.0427785214498
314082 2305.14 0.0196713532767
642673 2327.38 0.0408479211912
232691 2350.5 0.0204387347812
373135 2081.64 0.0184599348337
643111 2205.96 0.0275141530747
226554 2197.88 0.030754838821
639299 2111.3 0.0354462561471
615763 2313.92 0.020797129772
414287 2250.66 0.116898005945
642672 2378.24 0.0530379687201
639515 2300.84 0.0566832931973
646980 2142.88 0.156812386527
12538 2181.02 0.0225963044324
470310 2048.36 0.00916162899808
645454 2380.74 0.0432612779165
448721 2333.72 0.067322376098
602276 2411.24 1.58181330936
645710 2282.8 0.0137629008524
572006 2030.08 0.115035525957
436671 2156.54 0.0204365554039
389694 2404.16 0.0158482953591
645602 2374.3 0.088750333066
639301 2348.74 0.0271855095912
438908 2246.64 0.0134769175019
634413 2416.98 0.0381689415409
348306 2148.34 0.0528797644395
548348 2351.16 0.0107239366476
645209 2390.0 0.0708787015413
645458 2184.68 0.0378097294279
415029 2204.76 0.0361642256492
310560 2204.98 0.0460873842123
618431 2288.46 0.0275299430222
507716 2190.34 1.59863847353
455148 2157.28 0.198775823413
564523 2372.6 0.0144368586571
645921 2153.02 0.0532386428118
612597 2111.22 0.0442873099419
143404 2027.92 0.0271896426932
250680 2378.2 0.054311597183
632165 2324.86 0.060572597616
646638 2048.8 0.0262289204181
645513 2137.78 0.236425996809
593614 2044.3 0.0169931186387
99248 2205.82 0.0702595189908
466508 2162.32 0.0292862223817
453778 2188.84 0.0454103572482
625411 2087.74 0.0531256715228
363831 2378.02 0.0267046918148
601164 2238.1 1.05938030967
419472 2334.28 0.0167261186342
484517 2344.4 0.0621510159924
647210 2037.04 0.0443060822536
457662 2115.94 0.168832921678
647191 2222.0 0.0355051528805
445974 2342.5 0.0281805921202
419880 2323.3 0.0425513616262
601038 2372.6 1.60602180936
405212 2049.62 0.0144774573203
471926 2085.66 0.0707824766716
465892 2068.96 0.0229793048239
608227 2060.82 0.0200586485787
152671 2172.78 0.0485063493561
649155 2123.78 0.0665969869053
482796 2024.96 0.0688513853633
646911 2138.78 0.0230984164447
429584 2242.74 0.0341585732617
600715 2375.88 1.88843625232
601340 2053.64 1.8566136246
656830 2028.44 0.391367799423
349507 2146.02 0.0317991678602
550108 2043.96 0.0385810031592
633636 2260.5 0.0268802958292
382395 2075.58 0.0713616863904
162116 2090.28 0.0670443610851
601060 2067.6 1.50407215169
597964 2268.34 0.85969963133
649918 2420.38 0.157305934185
649924 2031.84 0.0372160618096
627463 2109.08 0.0460157989651
612801 2049.38 0.0396590472683
649833 2063.28 0.17199443242
576429 2311.2 0.0377620508338
602275 2032.02 0.80411252846
650287 2041.84 0.0409519257176
162120 2248.98 0.0273366658508
651036 2340.22 0.0427821295955
628280 2383.14 0.0480681730057
436774 2028.52 0.0350799299986
471240 2076.54 0.528823169935
371660 2259.06 0.0299629138381
651454 2022.36 0.215469098083
651461 2174.94 0.0442396391248
639586 2375.34 0.0136827694773
452807 2363.02 0.0185412146143
601725 2028.42 1.2196575872
651557 2036.8 0.0472119049642
631343 2353.7 0.131314945274
474163 2033.42 0.0250381689219
477519 2161.16 0.0566137925624
648876 2134.66 0.0701083528826
633629 2228.94 0.0349623139297
639701 2281.94 1.74326800686
434734 2348.1 0.115849463117
651877 2067.9 0.405588555455
414286 2119.44 0.0195959796893
369264 2382.24 0.127503503467
626412 2258.16 0.0242889375899
553646 2044.78 0.0352733099043
640048 2195.2 0.0794562674798
602377 2411.24 1.87064026104
654554 2128.54 0.0217661240175
616796 2226.72 0.0736794107506
653916 2171.12 0.0265092705145
602315 2229.14 0.824135913255
5604 2162.16 0.0413091600107
618385 2132.44 0.0292219022803
651878 2208.7 0.0363843534963
649059 2099.32 0.0726838831773
646433 2226.14 0.0610268828515
420210 2069.36 0.0716655270798
655278 2378.74 0.068063263936
482798 2111.46 0.0128405925784
663439 2247.62 0.0286830447225
600627 2361.36 1.60069410865
141527 2126.8 0.049685264414
651058 2030.14 0.0148330047467
357439 2129.62 0.0108740804353
503941 2027.96 0.913976427779
655657 2289.06 0.0421546099937
656352 2036.06 0.107363878747
363024 2034.2 0.044205421764
656442 2401.84 0.167876119248
422699 2095.14 0.0258463415977
352102 2200.92 0.0873677447356
482344 2348.3 0.0689482431517
614244 2149.82 0.0086596709146
604055 2424.12 0.812756989274
516844 2190.78 0.021905564843
594097 2169.28 0.0336376144116
690184 2243.42 0.0263181904177
642664 2167.62 0.0305410496045
656033 2317.84 0.0596251549493
656469 2065.7 0.0371007517635
281375 2359.38 0.0591876988055
657603 2193.66 0.0440437491607
657230 2422.18 0.113101711781
657609 2043.84 0.0534269878128
640971 2304.68 0.102851250442
658044 2091.06 0.0563696860964
658036 2150.18 0.170644991036
450300 2183.56 0.0109267039186
658198 2064.76 0.514917938434
646455 2103.28 0.0431008548071
655660 2213.92 0.0390081432083
629118 2377.9 0.307836708036
672264 2115.58 0.0460089434037
267221 2207.22 0.0320870129412
649154 2150.38 0.0333105788801
653926 2151.62 0.00411342150333
645585 2103.36 0.0358770879487
646408 2409.34 0.020069656627
628672 2355.16 0.0544604944125
625633 2058.62 0.0375973750488
662721 2345.04 0.0409448792658
656504 2269.9 0.0372890622007
656995 2039.66 0.0376146613933
651825 2306.76 0.0236939020597
652598 2342.76 0.0613955899196
645791 2265.46 0.0363957349026
659607 2211.72 0.0265276498864
663540 2099.62 0.0372453489518
662240 2251.42 0.0313932847336
159504 2104.54 0.0781230554514
657014 2054.78 0.0321711988908
602162 2404.34 1.53807355334
439313 2299.22 0.0322516012583
436724 2420.22 0.0169648323017
474231 2073.72 0.0476751875743
666884 2033.8 0.102034277259
453707 2274.94 0.0547674506807
658240 2232.24 0.0425638614623
5189 2200.1 0.0557224479286
433953 2218.48 0.0307373751383
387505 2037.26 0.0255906095878
668687 2394.68 0.0133304271321
447755 2282.26 0.0310141996635
652293 2103.2 0.041979531375
483508 2179.78 0.0230163302454
388945 2419.06 0.0371801303298
657011 2047.46 0.0364671192571
482488 2145.62 0.0836704363986
638615 2342.32 0.00941801718242
606268 2128.34 0.740251615826
639684 2027.28 0.104971172954
517703 2135.92 0.0356893670749
670352 2070.76 0.0443813512155
673181 2335.9 0.020842419681
669453 2308.56 0.0396507670111
653970 2257.4 0.020578973189
657474 2030.8 0.0268613498957
600633 2346.44 1.47248326186
613777 2354.3 0.0666272656699
670491 2249.14 0.0562796178867
663537 2143.98 0.021337720646
380981 2234.3 0.0499126349636
395207 2400.78 0.288945319261
603258 2411.32 1.75323781055
668708 2076.74 0.0152684751544
458723 2355.22 0.0685093448027
658039 2208.2 0.056876236269
294739 2341.98 0.0885979406142
601520 2110.38 1.2513673536
500795 2092.84 0.102401712399
618458 2412.86 0.0752163310173
665972 2098.34 0.025149721737
603279 2416.16 1.87470782296
603226 2407.36 1.14117281963
503861 2077.34 1.34613962554
601793 2340.32 1.26386271473
600888 2387.12 1.73252182087
480820 2211.08 0.044619169637
482650 2113.92 0.038234038281
603462 2360.32 1.73118484076
488490 2370.46 0.0367087133524
695358 2079.98 0.0369942872246
676302 2294.2 0.0249801004079
566915 2348.12 0.0465835183772
484402 2065.6 0.0289446453034
676385 2127.48 0.107393061957
673662 2108.84 0.051595369026
565862 2337.42 0.0648938655109
645254 2159.76 0.0462352692442
462959 2331.94 0.0275541959894
714078 2377.26 0.0282963277325
676334 2157.04 0.588434501845
453729 2395.58 0.0202443395105
667279 2144.04 0.397206940788
90075 2391.46 0.123454512298
598642 2267.16 0.0316484796965
676332 2153.7 0.0261080000028
478574 2021.6 0.0328139466585
597885 2131.94 0.0302323332981
451370 2023.98 0.0354915932526
596090 2104.82 0.026377588884
439437 2264.58 0.0141549799741
677625 2254.42 0.122986192473
677786 2249.12 0.0381119053787
677559 2218.3 0.0466789608524
598157 2082.92 0.0392115743317
162882 2392.28 0.0329310735913
686022 2100.9 0.0893449081409
677232 2164.4 0.0127209201483
684307 2098.98 0.0708082611388
684320 2038.12 0.0673199968894
685970 2125.52 0.0700742955975
463387 2354.7 0.0140613174342
685946 2345.54 0.0514694188041
684310 2422.12 0.0395775462384
678491 2232.84 0.0240614219433
480883 2381.34 0.0245667914298
649932 2100.24 0.0164656472695
679649 2140.48 0.0790911584298
677791 2395.32 0.013079216153
468727 2033.24 0.0654335470416
459683 2218.96 0.0306240817576
645256 2161.72 0.0483750724116
628639 2198.06 0.0484280320429
645241 2054.56 0.0756851966658
500820 2097.34 0.225789413581
688633 2164.02 0.0777716834232
656100 2248.14 0.0288413715003
688629 2400.24 0.0345191356149
696598 2329.92 0.0518696808929
675280 2073.06 0.0609450300976
494975 2127.6 0.0531054836642
688275 2152.26 0.0638642844657
686403 2212.72 0.0446263137148
688790 2032.92 0.0957959927388
693415 2399.84 0.0638363841656
468910 2236.44 0.0539422568598
496013 2095.32 0.0205054668897
482766 2157.78 0.0262725942043
667253 2224.48 0.0406404039778
690160 2020.1 0.0213240332377
618349 2059.84 0.402299780067
686381 2150.94 0.0429637700512
381906 2200.26 0.0108290486349
689543 2101.8 0.186638365491
443103 2182.78 0.0186361850686
688585 2092.46 0.0483008754819
467309 2118.22 0.0469112853073
690158 2276.18 0.0449468999453
601448 2353.28 1.21064391565
690198 2238.02 0.0288347572301
690803 2310.62 0.0254187719845
4581 2315.66 0.0108050084606
468005 2185.7 0.104029284286
454100 2341.82 0.0364740558248
640837 2024.44 0.0351646730109
693884 2071.28 0.0457578537388
692332 2235.04 0.147188701035
692440 2073.28 0.0474173680503
689407 2353.7 0.0259046006714
677963 2367.52 0.0436337295918
691760 2166.3 0.338890325362
438955 2112.88 0.0211027939127
688794 2109.08 0.0421660200307
638470 2218.04 0.0468656739404
692475 2222.8 0.0341997010357
688282 2402.42 0.030876644338
685941 2063.88 0.051465827375
694956 2300.04 0.025644140217
518798 2260.46 0.162558391485
693933 2350.2 0.0406579527895
691642 2422.46 0.0255151789185
686407 2144.84 0.0346908414366
689732 2099.32 0.0358563389336
487577 2190.48 0.00688429083523
694237 2150.64 0.033615435021
601540 2350.08 1.8056008908
357024 2045.62 0.0870306969613
618206 2409.5 0.012323935662
689735 2260.7 0.0416480108123
667266 2084.4 0.0422557557701
655253 2385.58 0.0283848228057
454094 2047.52 0.0237937205376
693941 2314.28 0.060526064643
691178 2258.16 0.0716192095478
695510 2215.58 0.0695230560501
594970 2156.38 0.0192144722511
693961 2380.82 0.0523801948116
471241 2105.52 0.0673655403576
530308 2140.68 0.070783176812
677782 2324.58 0.0135570128099
553796 2209.0 0.0754186376419
711252 2220.12 0.0501512537051
678486 2214.12 0.0127310073231
696930 2328.08 0.0427187790453
608311 2079.18 0.0208263903256
690178 2346.68 0.0223359418794
697046 2254.06 0.0711965576867
697402 2123.26 0.100943782153
695253 2192.98 0.0122223356169
675316 2207.14 0.0487209343978
696057 2171.8 0.0418415109316
626769 2182.38 0.0582263173717
699218 2086.94 0.0904874811343
697968 2132.7 0.0223839171637
699329 2063.36 0.111599455861
690180 2175.46 0.0283457450345
697031 2254.24 0.0422845902092
495187 2343.32 0.0972805718807
518633 2084.28 0.0624787450124
698963 2069.6 0.0476076783036
714773 2284.0 0.0417315631399
696941 2331.24 0.0260111450534
704356 2246.98 0.566996717199
698960 2257.46 0.0323972733477
709159 2314.86 0.0595668344376
700396 2249.78 0.0772394632936
437841 2165.22 0.036713110949
699760 2052.02 0.0119639769238
667905 2237.46 0.0322208470426
699447 2350.5 0.0796942182248
699756 2365.26 0.0814503546535
671736 2026.58 0.279019433904
364136 2374.52 0.0171315452454
701771 2150.32 0.0508645023079
700949 2224.66 0.0683241639507
441987 2119.2 0.0150917816284
693963 2296.8 0.0424523395752
703219 2148.1 0.0334968082163
703760 2090.3 0.0398489384986
695250 2058.7 0.0180248010965
702909 2140.08 0.0657933353823
702092 2073.34 0.0890003813651
702934 2083.48 0.0453905368928
703225 2272.84 0.0687414608526
704355 2056.54 0.0434112052927
697041 2280.06 0.0277975772256
702928 2167.74 0.0925006504337
703771 2184.36 0.0274765816447
703748 2020.48 0.679570450645
702922 2056.74 0.0503999228048
703218 2326.72 0.0696850232318
699460 2330.28 0.0663075218769
705478 2187.4 0.0281259361986
706708 2173.64 0.0398377602435
418094 2120.12 0.0371719659569
706860 2236.48 0.291922915409
691637 2255.56 0.130684104471
706758 2191.38 0.062289781777
707846 2282.84 0.119683945689
709163 2212.46 0.0218700665181
705145 2150.1 0.0588728087928
697577 2187.6 0.0351990645157
670056 2049.98 0.0442424251104
602841 2117.4 0.309906200203
708656 2264.56 0.0376021273112
709304 2083.28 0.115648969128
709281 2422.72 0.0179800335992
192559 2340.36 0.0163494807377
684309 2251.68 0.0330999994397
152685 2343.42 0.0104296460713
482250 2117.16 0.0803961537687
709585 2177.68 0.0212250714908
625414 2133.8 0.0280641703638
714661 2122.28 0.00838967430311
694636 2086.08 0.0111368847039
709562 2071.46 0.0206945144422
707848 2033.58 0.0758346238383
710803 2317.4 0.300190830736
711248 2023.24 0.0292333687636
710237 2128.54 0.0313846313818
709754 2119.86 0.0470357947866
677652 2393.18 0.0294830724261
711549 2087.88 0.0559955302169
711543 2138.46 0.0322139309284
709768 2325.3 0.0385895469047
707835 2407.36 0.0312559495596
709793 2203.22 0.0408148972329
710976 2365.72 0.0799691328503
711557 2134.54 0.063770746045
711847 2384.96 0.0283801297652
722343 2123.08 0.0377263040999
515509 2044.82 0.124774534033
713695 2208.68 0.0278824657227
713704 2023.42 0.0420778730826
713739 2369.6 0.0617218073053
714108 2394.82 0.101054494372
654323 2332.14 0.47226886599
615676 2255.64 0.263804686479
712890 2144.4 0.0500367963362
714541 2288.9 0.0330598839114
711251 2368.66 0.0582523297567
714074 2146.0 0.105161049473
705885 2021.24 0.0449444203054
716007 2083.2 0.00861585951429
712397 2020.62 0.0487071117845
711532 2354.0 0.0348223903439
714072 2122.3 0.0483539128322
714544 2127.32 0.0595424439473
604072 2387.7 1.68341492952
711442 2094.28 0.581362696007
685822 2149.34 0.0442662340398
684322 2086.76 0.141746896605
715667 2164.66 0.090234159991
716024 2251.26 0.0160239867616
715669 2415.28 0.0361133700363
715541 2249.64 0.228278758266
721070 2083.06 0.045818570096
712880 2149.4 0.0322648205215
718477 2313.04 0.0244423867668
721097 2162.26 0.060628899292
716840 2206.7 0.0683752665359
717660 2318.64 0.0574321279096
721158 2266.6 0.0755671253056
721367 2376.66 0.0512955421984
601562 2053.0 0.0410681148543
711553 2389.2 0.102089045007
265482 2211.24 0.023975455299
721372 2086.14 0.0335349317634
722282 2036.0 0.127268709337
722284 2206.42 0.0347338643873
652727 2101.88 0.0683820161795
658196 2210.22 0.0308443101432
722208 2205.3 0.0194349713804
721776 2267.34 0.0756818028271
721418 2191.9 0.0411497893126
721782 2133.88 0.0316747314811
717501 2065.94 0.0495530814774
720496 2111.66 0.0429614239707
595722 2202.7 0.0137616525325
722372 2414.56 0.150773906999
731143 2191.46 0.0232237695236
721425 2410.68 0.122564362668
722540 2044.34 0.0170681969268
722904 2237.24 0.105408406224
705303 2057.96 0.0587553179242
720507 2296.14 0.0454889131509
485652 2227.4 0.0127841813492
723292 2111.48 0.0805111027654
723717 2251.66 0.0332360873579
712944 2220.08 0.0347255555361
723262 2220.98 0.0258974715658
723720 2050.12 0.0121804882407
722430 2243.28 0.0255785034715
694996 2078.7 0.0348633838844
723373 2181.3 0.0380508972357
721723 2117.06 0.0282837710405
670513 2282.76 0.0783698536512
723900 2310.24 0.0541029107644
723919 2343.52 0.055810680765
724333 2065.62 0.0611165701899
688798 2174.58 0.0417998768917
723998 2134.04 0.0309283710077
724323 2254.6 0.0463734113518
723807 2088.2 0.165177042421
711250 2099.14 0.0319090321925
723475 2090.3 0.0431917819694
724325 2295.52 0.0203436231226
688515 2035.48 0.0208830749745
725291 2028.86 0.0453011425025
722931 2123.28 0.032967009576
725864 2297.96 0.0450339580979
725293 2160.8 0.00582897224056
723862 2228.78 0.0434809670751
725272 2380.48 0.0374328098095
598709 2404.46 0.0390867598825
723086 2338.98 0.027064614493
726577 2410.84 0.0577439990952
727800 2080.18 0.0711139847657
727840 2182.48 0.0144217734187
724302 2150.94 0.0477901991016
731307 2231.36 0.0989727404149
724298 2419.66 0.0408208765004
728717 2402.68 0.0321264670529
735206 2282.06 0.0564370595039
728622 2207.62 0.0746732439142
728874 2239.08 0.0769511169415
723044 2320.56 0.0454537815986
727490 2114.64 0.0197529047652
714777 2049.78 0.0323645353439
724008 2262.3 0.0379285416453
725870 2340.7 0.0522669748344
727481 2092.84 0.0398059556386
723459 2327.14 0.058002771539
729952 2368.12 0.060699897408
727785 2025.28 0.0214160689755
731321 2181.68 0.0449463948221
600013 2170.46 0.0575580873064
739498 2201.02 0.197984657049
722064 2423.86 0.0165289673886
731260 2288.94 0.0159798126554
732208 2062.56 0.0178787423851
732027 2323.26 0.0323076638426
732203 2024.78 0.0934703874214
732283 2387.62 0.0306410742475
732010 2345.8 0.0244459662599
732285 2129.38 0.0642947659129
616066 2151.36 0.062556937864
732297 2389.12 0.327748914274
732477 2380.26 0.0379531126119
732422 2397.92 0.0419635210121
732796 2359.5 0.00357610331046
732547 2077.42 0.0413023585124
732801 2381.1 0.0205187662458
731306 2266.28 0.0337736217552
654934 2277.38 0.130131318917
732705 2070.26 0.0149525634197
732327 2323.4 0.0588967834085
732443 2058.22 0.0549108872943
731993 2134.78 0.219816622842
732575 2096.68 0.0544237885661
732868 2401.68 0.0451982441475
732903 2064.56 0.0312037045068
732863 2259.32 0.0540256499024
717710 2346.78 0.0380940063595
734656 2156.06 0.119709755311
733303 2335.24 0.0305645178372
733300 2345.6 0.0236880501723
733302 2255.36 0.00595259508622
732760 2104.48 0.0405583017981
734106 2266.28 0.0815272216244
732928 2203.4 0.0478792260199
705128 2029.08 0.0407053699681
733242 2137.42 0.0509982205173
734075 2201.5 0.0206043116541
732034 2422.74 0.27326839739
732471 2224.32 0.511295175122
736876 2083.06 0.190581225738
736687 2402.34 0.0407560845302
737141 2268.36 0.0888225198451
737140 2170.18 0.0568655321746
736894 2355.94 0.0267057957668
738588 2183.88 0.100385348294
738261 2090.94 0.0219081403742
736983 2050.96 0.05119970421
732763 2388.4 0.0227960480386
734692 2204.72 0.102455780005
739329 2203.62 0.0194182391642
734678 2313.84 0.0166090041812
739327 2390.5 0.0844084023989
739170 2107.62 0.0366067759572
738247 2263.7 0.0197816146272
739377 2256.92 0.0609888029474
739398 2313.94 0.106905764452
737302 2065.98 0.033987644924
732284 2068.96 0.0752150248713
739516 2348.26 0.0485509426562
740015 2179.0 0.0382141491024
739524 2073.88 0.152541850905
740611 2041.54 0.0755203912422
739908 2139.8 0.120866078067
740025 2183.02 0.0634957309538
740169 2029.58 0.0449286641526
740531 2048.22 0.0382789820805
740027 2077.82 0.0199257147015
740739 2055.52 0.0235821130876
740613 2148.64 0.0450400407473
740635 2026.72 0.0768077201185
740774 2420.46 0.0263989444603
740705 2327.26 0.0474041011111
740655 2021.06 0.061632768233
740591 2215.7 0.0407587837557
740734 2176.74 0.0904590510662
740687 2211.7 0.0290454067715
740788 2143.84 0.0551713756306
740636 2041.58 0.0647576465791
477162 2216.76 0.062714570417
740867 2211.14 0.0487609596165
740843 2094.68 0.0400377128121
740855 2081.86 0.0660643759354
740769 2081.82 0.102898150519
740854 2029.74 0.0665377079102
481532 2281.42 0.0572772268641
663707 2361.78 0.0467719821569
730796 2062.56 0.0200693971856
740859 2344.54 0.0215420318077
741600 2110.58 0.0339570858916
741127 2372.28 0.018422487206
741545 2314.22 0.207449129173
740900 2168.24 0.0415447247791
742131 2374.44 0.0285135441179
741629 2203.02 0.0124867076711
740790 2367.0 0.0302803724793
742154 2168.66 0.0391530841129
741937 2400.64 0.0434768389837
742203 2233.44 0.00708833881166
742157 2330.82 0.0219927579618
742193 2145.94 0.0515605893438
