500011 2074.42 0.057995162514
5335 2411.92 0.615338295378
500113 2097.6 0.0641656325054
500450 2186.94 0.090825518379
500584 2214.48 0.0059903790921
3362 2123.64 0.143066236472
5145 2369.56 7.56172106985
500661 2388.56 0.0270481908918
500675 2066.76 0.0382290402566
500711 2227.64 0.130483964675
500773 2096.82 0.0489830857094
500806 2324.12 0.0207889610303
500875 2264.02 0.0944813877463
500932 2281.92 0.0317655308352
500712 2345.72 0.0108170203144
14827 2190.24 0.0167599148808
501065 2172.04 0.0459213435899
501038 2393.34 0.0383763439379
501084 2202.2 0.0251505430855
501106 2169.32 0.0573001347744
20461 2394.38 1.4796791971
15504 2106.44 1.59962164193
501212 2144.06 0.041008371183
501214 2340.28 0.036224593598
20425 2139.4 0.104671141818
501516 2148.04 0.167215967995
501537 2282.0 0.109322748587
501604 2288.98 0.0429310923727
152680 2144.74 0.064012314067
501811 2196.8 0.0469321429285
501842 2216.52 0.0739021710245
137108 2247.66 0.0203034836926
501881 2097.62 0.0506603447382
502033 2045.34 0.0144807908755
152637 2288.38 0.0309219732261
502424 2178.72 0.0584944200989
85585 2297.92 0.0222813438013
162416 2318.7 0.00443660539135
53429 2389.44 0.0467761743782
502549 2415.56 0.0449471507073
503390 2128.82 0.0729203692094
503450 2063.1 0.0608963600961
503429 2076.28 0.025937669085
504680 2106.72 0.865622885962
505134 2072.36 0.0677651070135
505149 2230.76 0.0450260233302
505178 2020.26 0.654455079617
505542 2104.02 0.15144808956
505619 2349.86 0.0320222682815
505611 2239.24 0.04119939867
505530 2152.16 0.0272115935466
505767 2132.56 0.0671368689445
443806 2074.2 0.08382137782
505609 2281.92 0.0318416207851
503422 2409.32 0.016888304766
505136 2232.24 0.0130162181091
505968 2158.5 0.0288691816847
506074 2254.7 1.67771877015
506016 2176.4 0.0599510641069
506169 2295.54 0.0526631823199
505620 2328.42 0.0463555082332
506371 2361.4 0.0320529067596
506391 2080.68 0.069535366751
506469 2080.74 0.131988776486
505536 2379.34 0.0150276234119
506495 2105.32 0.0509115534184
234145 2062.9 0.0138225985353
506555 2372.92 0.0368065030732
506491 2309.9 0.968198585757
506570 2189.46 0.066291792316
154019 2031.36 0.0381823876556
506575 2259.86 0.034438836458
506577 2062.82 0.0293258626727
6489 2219.48 0.0305417139026
504445 2046.76 0.0726451426866
504246 2099.82 0.0251478591099
505775 2356.42 0.0392255104771
507620 2095.9 0.0629677315669
163067 2131.96 0.0239841872708
509524 2033.94 0.0609535610312
506181 2284.34 0.078907475897
467317 2373.16 0.0449294964819
505754 2080.5 0.0526502238089
510759 2081.68 0.035341863221
162695 2247.82 0.0557522055274
162039 2336.98 0.0346486589216
502541 2267.46 0.027909993624
504256 2322.56 0.0839113140992
506108 2313.76 0.0226119935233
511204 2237.08 0.0130365697398
501587 2134.68 0.115124286637
221980 2038.8 0.0830466901179
511301 2186.66 0.0659413873176
162979 2091.78 0.0287720409481
501151 2097.26 0.0143692938508
505626 2343.58 0.0336351906022
511544 2293.06 0.0874765776144
67381 2143.34 0.0183978403216
511573 2075.44 0.0407289865816
501523 2282.54 0.0452478671527
162687 2166.86 0.0556211169369
500752 2202.0 0.044665306448
217628 2064.84 0.0943837923424
506115 2032.5 0.07572032446
162922 2290.38 0.0249521717367
506396 2349.22 0.0660545949854
501915 2171.0 0.0207583207174
208115 2060.8 0.0191992604616
511772 2082.5 0.0466971301942
510481 2348.76 0.0191355801998
8566 2051.54 0.00643212964966
101869 2187.6 0.0062949039043
507090 2316.0 0.30019740941
507176 2364.36 0.105197355838
512028 2387.9 0.0176329131643
68347 2254.86 0.0102642166055
175729 2163.54 0.0336458802649
511189 2120.72 0.0560386570837
501602 2046.06 0.0480935251048
163026 2069.54 0.334600945908
511733 2363.14 0.00840866849355
363344 2405.06 0.175357811374
513323 2028.02 0.0315720553548
513322 2264.16 0.038235727205
501359 2246.42 0.0268420965298
85640 2335.16 0.00890994220448
514307 2053.28 0.0811710440479
507697 2375.0 0.0339949856656
505996 2151.86 0.0308801873368
514553 2199.26 0.0830607225434
514606 2218.96 0.0236985951186
138727 2205.42 0.0688118061604
500034 2240.96 0.0385386526764
514656 2260.42 0.237540638553
196625 2243.32 0.0293795008028
511353 2313.02 0.0872785930004
944 2373.3 0.929549166298
512237 2295.56 0.0205626132096
511729 2287.5 0.0808386125288
38071 2395.38 0.0514235919547
511188 2356.74 0.821484038099
8405 2150.76 5.86450419705
363084 2095.86 0.0715735296068
515240 2339.32 0.00877926561919
502423 2148.3 0.00473227921393
515327 2373.8 0.0269651797776
515324 2072.32 0.0476367147463
10860 2184.24 0.119581375176
515210 2309.92 0.0371399179882
515407 2409.52 0.101764952025
515412 2068.82 0.0311883533877
515436 2131.88 0.0319214672175
509739 2210.46 0.0138419560542
503994 2184.84 0.0358335277463
511435 2109.6 0.0416605850923
141614 2267.08 0.048253662582
500017 2177.26 0.0393373265774
515527 2147.64 0.0435792839306
514276 2248.86 0.0312094458878
501912 2219.7 0.0260269907406
172678 2351.0 0.0647396320332
162567 2271.32 0.0101941770393
515545 2389.14 0.0385928518213
506017 2321.54 0.0520754546371
515558 2154.6 0.0761229898311
515600 2369.94 0.0352831233328
506390 2391.52 0.012220954994
503396 2384.32 0.0363309911018
168318 2319.44 0.0819001009457
511736 2126.62 0.107646909821
2340 2320.16 0.0136434781809
180186 2091.0 0.0906761071063
515864 2084.9 0.0645363959187
515880 2136.08 0.0656775368031
515983 2323.44 0.217833169791
516129 2329.42 0.0260566786115
515980 2294.44 0.0461318616664
516694 2038.86 0.140755131756
511749 2298.64 0.0231307084394
516804 2165.06 0.038365856225
516851 2085.06 0.0286728597892
517697 2032.02 0.0642283250844
513495 2021.18 0.0252225682856
516806 2234.06 0.031343110018
517925 2108.32 0.0152284424993
515670 2030.74 0.102724107626
517964 2316.34 0.0129603558318
231937 2125.84 0.0639072027356
517754 2188.42 0.0615393629648
138971 2050.06 0.0270860572958
162210 2107.64 0.0723612915586
20086 2286.38 0.363322246004
518183 2117.22 0.0752543996447
513309 2161.48 0.0811585022108
519660 2045.94 0.0554565436645
516130 2298.86 0.0430730760354
518445 2065.74 0.0500044660209
307005 2373.86 0.251641956567
1566 2388.66 0.0452080159945
517707 2385.2 0.122774737562
518823 2075.76 0.0510325765345
518947 2036.34 0.052358635707
516320 2389.08 0.101546265191
519449 2129.96 0.0267196438149
368203 2293.18 0.0514308860803
519518 2250.96 0.0874797420214
162183 2089.04 0.0134793883315
500164 2341.14 0.0149033946815
196068 2072.8 0.0710106246521
503398 2248.8 0.0251237976031
137120 2081.5 0.0138410988796
519945 2234.4 0.0265594907986
1620 2383.94 0.0395249449515
143487 2322.06 0.0680129685841
366746 2057.18 0.0262427539407
2135 2143.56 0.0167214179169
514559 2216.06 0.0196775876276
155338 2372.46 0.335672781062
164202 2175.92 0.165763194173
230111 2403.98 0.0461558029056
518811 2268.96 0.0801748691592
7482 2164.02 0.0195439489233
523070 2096.94 0.11032893932
523121 2251.94 0.0471729797494
2100 2299.48 0.158634655871
519528 2044.9 0.059193555392
502539 2029.92 0.0515238467658
526231 2177.68 0.0488883420383
527204 2409.74 0.028656794896
501082 2063.04 0.0477931584388
25143 2151.66 0.0140358936562
530363 2383.84 0.0283225588579
526474 2122.06 0.0777315102816
528810 2206.34 0.0437606326519
528423 2410.42 0.103261047059
446791 2195.16 0.0327816486071
514587 2127.62 0.0386277526749
529198 2416.42 0.0252823663556
529246 2291.44 0.0500423725774
520013 2160.64 0.443787876599
184266 2292.8 0.0216728969839
515981 2136.04 0.0664711703613
69230 2044.3 0.011517863936
452376 2169.84 0.0481377776956
503399 2043.18 0.135388563381
530965 2097.56 0.0536741267431
516848 2117.6 0.0917665881217
517946 2041.0 0.035378465269
501189 2331.94 0.0711707727506
162421 2356.88 0.0378100196073
530222 2054.06 0.0235903330611
517947 2155.62 0.0518721859454
500600 2111.5 0.059208262781
518241 2083.82 0.0926318268431
522446 2270.98 0.0311564487117
527976 2284.96 0.0606455740822
506394 2229.16 0.0237739858049
529248 2061.8 0.12629069291
515019 2172.98 0.0474774093967
179806 2304.76 0.0152262865851
483432 2276.72 0.016614730984
141525 2389.52 0.023312435332
530361 2273.58 0.0224223497336
306383 2386.32 0.0299679661199
531139 2311.3 0.026950757298
531237 2156.96 0.0400978084232
522435 2417.52 0.0454553636469
510748 2328.28 0.0295337374215
522264 2181.94 0.0355195708216
164121 2148.56 0.0318146445747
163818 2334.0 0.0218348644593
530413 2097.56 0.0574256709609
527986 2301.76 0.0238559246182
89959 2243.72 0.0188238985738
525630 2069.1 0.0631078249044
516204 2105.68 0.320229911785
10302 2301.2 0.0992748589947
531760 2329.96 0.129168558371
532156 2412.44 0.0166751750878
522447 2181.46 0.0100543240323
152561 2353.52 0.0448611033303
515577 2172.28 0.0103088395009
535295 2113.6 0.0307476938233
569478 2159.9 0.0992718993795
536045 2120.52 0.0763586185569
531298 2136.12 0.0335508255868
523367 2212.06 0.424154187057
535976 2346.9 0.0590439212931
522197 2350.92 0.184435040361
531233 2025.02 0.076756271192
504247 2410.22 0.0290162902512
500896 2358.96 0.0254711790728
519320 2069.42 0.0735530386952
537873 2258.08 0.0286060681265
517706 2236.58 0.0412461230173
518808 2321.8 0.0327495727211
163373 2358.84 0.00678809589229
494658 2095.96 0.0533167246731
530301 2241.92 0.0242399107598
530218 2050.1 0.0140192548247
480822 2354.1 0.0587942702811
518927 2346.66 0.0317545774546
536049 2377.28 0.206041791488
264357 2201.34 0.0358098158336
539790 2139.94 0.0886352655855
469896 2404.9 0.0200189499458
216258 2424.9 0.0631229493045
518821 2034.98 0.0142585921388
539796 2212.7 0.0452151903484
539825 2065.54 0.0431305112472
539912 2252.6 0.029926875635
450270 2342.06 0.0225629766496
515585 2033.72 0.0757814230495
531283 2370.28 0.0447270796346
199801 2078.26 0.0178248159295
527186 2257.4 0.0389224119807
540313 2409.96 0.0449871514426
518832 2137.16 0.0230686988605
537812 2408.26 0.0408831138528
541573 2154.88 0.013322647305
541555 2136.68 0.0315612087047
192563 2344.36 0.0411426666306
65679 2217.68 0.0197728908641
267494 2247.48 0.0337275508463
541726 2094.46 0.0329412310476
533623 2326.0 0.037720030508
337558 2258.24 0.0755490938807
374855 2128.44 0.0143375693667
199003 2270.22 0.0359600954777
297300 2419.96 0.0467671482541
529571 2205.4 0.0433092920577
538614 2336.04 0.100876257976
537138 2260.2 0.0224383265658
542204 2143.18 0.0457351972066
267729 2050.68 0.049058021388
502223 2094.42 0.00963617312204
542267 2282.08 0.0324178287992
542352 2152.6 0.0314969866418
511453 2085.56 0.0711746058312
68372 2408.32 0.0461518030618
544480 2036.14 0.0166761729967
542426 2333.58 0.0191566347704
264993 2169.14 0.0455617472322
504264 2243.06 0.0622753179214
742213 2072.34 0.066496817353
502520 2300.84 0.049039561346
542359 2412.2 0.0201736739988
100085 2121.38 0.0336063561051
531406 2298.66 0.0422589540618
520827 2041.6 0.0697470853599
415713 2313.38 0.00927075457046
89958 2239.94 0.0336083332045
228368 2117.62 0.0234250515858
314212 2391.2 0.0249637372554
480936 2194.02 0.0295988719742
53550 2027.9 0.0413931034984
31669 2128.52 0.0399761047538
542638 2294.42 0.0399042108605
506184 2238.78 0.0544551324895
144898 2332.02 0.022922367602
514466 2354.1 0.0120954547933
511266 2090.4 0.0503945520233
540853 2416.36 0.0409523218906
531456 2106.12 0.0411096392409
540804 2366.88 0.0391899642949
500080 2126.54 0.287869965836
517729 2242.58 0.0660667856794
153002 2097.4 0.0612723421235
518391 2119.92 0.0547714202484
544296 2406.6 0.00622410018302
216985 2311.72 0.0200525149353
242450 2163.52 0.0345311384348
221455 2243.3 0.0265163369464
544365 2231.58 0.0937929557385
143992 2028.84 0.0547163518539
481394 2194.36 0.0300279017279
356991 2351.3 0.0766061684325
541972 2279.6 0.0194158958176
546749 2271.06 0.0396935647084
544271 2165.72 0.0856158531323
547575 2309.86 0.205362295961
546939 2063.88 0.0656068696582
547594 2035.9 0.0358793822617
331876 2107.44 0.0142670747028
548933 2352.54 0.015827143579
99942 2120.0 0.00733504912896
549612 2133.42 0.0540309254346
549655 2234.7 0.0855298718266
549661 2237.46 0.0449987182272
541922 2157.38 0.0223541244702
531610 2391.82 0.0182923507447
417871 2363.6 0.0421935568171
6491 2053.42 0.0892652073517
177049 2274.2 0.0141301751864
85938 2257.68 0.0209895266484
532151 2315.2 0.0369273793374
523811 2278.48 0.0625534035945
531129 2093.56 0.0744158492879
550259 2364.6 0.0347801595419
144900 2220.82 0.0368137532159
450293 2048.88 0.0524911655198
357594 2167.84 0.00491701070164
5797 2332.16 0.10067779533
387668 2189.24 0.0143840485401
141432 2352.2 0.0206455563046
550925 2141.5 0.0302257116851
551340 2317.9 0.0622019033876
390725 2335.5 0.0372844048923
544492 2373.52 0.010118684381
535293 2047.48 0.0317218737037
551699 2151.3 0.0187527962237
542645 2380.48 0.108967761571
450894 2156.64 0.0308103326753
494690 2058.18 0.0384246897773
37655 2031.82 0.042608514425
138127 2273.3 0.0156164101776
552620 2329.1 0.0647275008067
253841 2052.02 0.0269398350359
344076 2114.14 0.033124119961
552613 2319.52 0.0183970658784
154302 2217.4 0.0557985233335
5496 2140.86 0.159665636118
538626 2262.2 0.0335776469143
428209 2342.88 0.344880677821
247360 2083.28 0.0911172812111
513441 2310.36 0.030179387926
562431 2060.2 0.0700423575038
511205 2247.58 0.0369556227436
542854 2254.62 0.0945516823221
554129 2231.1 0.0843429182138
363790 2145.16 0.0433879051755
357028 2050.14 0.0160466617638
136795 2239.08 0.0417700234351
554302 2215.6 0.0175529076924
489486 2192.8 0.0519858430982
202683 2046.82 0.0443782378547
329614 2057.34 0.0593758448703
358471 2422.36 0.0245921359338
288807 2356.92 0.042065627626
554532 2419.24 0.019995178887
519957 2373.08 0.121803424286
512233 2154.36 0.134323654594
163899 2336.06 0.0103911105199
488453 2066.08 0.0230149562656
297418 2333.84 0.0203103297574
385252 2315.1 0.0236456617452
540915 2338.22 0.0254420011871
462238 2049.04 0.0552214041814
417949 2025.62 0.0571429624643
162998 2257.54 0.14040553377
444193 2140.2 0.0544086063382
399774 2186.86 0.0134116301941
19356 2191.68 0.0503138459084
501888 2208.9 0.0639945364241
554692 2110.44 0.0291075918809
554609 2397.22 0.0234037424464
554633 2152.14 0.0877265199022
554719 2388.82 0.0822013740731
207945 2369.42 0.0222987420185
537870 2400.94 0.0311294366353
308242 2313.94 0.0436449899281
434326 2380.66 0.0338343630243
552016 2150.32 0.0306332487493
529192 2409.84 0.0278857638756
189865 2367.08 0.020763031387
33342 2081.32 0.0185389291969
554518 2146.26 0.0295923158225
312070 2087.98 0.0257999093287
141851 2335.68 0.060570845347
555888 2383.04 0.0166495615544
252399 2033.06 0.014858027031
501623 2275.2 0.075036462148
434196 2271.0 0.0460302174417
555042 2295.36 0.00998496619521
488789 2306.56 0.0304395028156
175706 2411.74 0.0293445339013
556751 2386.0 0.0352720219023
544489 2304.46 0.0442142934051
514261 2179.56 0.288934961447
555903 2323.0 0.0163903775659
302831 2231.14 0.0321457819007
455176 2351.0 0.051179950795
363067 2149.92 0.09448044643
206910 2097.2 0.0425219783188
535252 2085.0 0.0680681332315
11500 2034.06 0.0406077463586
152770 2109.12 0.0487648882358
18106 2353.5 0.216345924458
561615 2112.06 0.0245835137644
556338 2155.04 0.0516551397763
4179 2254.4 0.0203475662756
562417 2048.84 0.0309701549076
35107 2350.46 0.0127889697017
341843 2340.98 0.0198305386924
348314 2273.68 0.0637525745207
559123 2024.48 0.0563328630754
137126 2111.06 0.0391552153734
163348 2301.12 0.150635860744
562812 2378.28 0.0244772032706
537867 2233.88 0.0386367496646
311044 2299.18 0.0567532020244
2101 2384.8 0.0342278232393
562565 2032.16 0.0701145348067
559169 2310.6 0.086267551595
562798 2297.04 0.0813275534885
563009 2035.08 0.0569720809625
504034 2310.28 0.91974838898
4953 2065.06 0.0334792373245
563916 2347.14 0.0493262995802
550747 2378.96 0.0250174760549
564012 2290.92 0.0702375226583
555961 2022.2 0.121011188073
564010 2297.26 0.0312701819543
526225 2079.24 0.0570055449524
302169 2088.06 0.0166277206787
554108 2374.48 0.0457302019085
530300 2078.72 0.0247957543299
601140 2057.74 1.35203881192
566290 2372.12 0.0660723720323
564648 2170.96 0.0423175685424
530822 2081.34 0.0560997754735
515193 2020.2 0.0223231677949
550889 2055.82 0.192221467477
565856 2301.82 0.0211101959234
461852 2114.18 0.00798701319651
565620 2118.78 0.0291892954918
510746 2046.82 0.0352215860602
500101 2233.9 0.0332492355547
153311 2091.8 0.0267174307923
557761 2092.0 0.0179299018851
565579 2211.4 0.0336391644729
8035 2172.06 0.266312407595
528484 2269.88 0.0286864245061
161989 2170.54 0.0359473472071
3908 2177.54 0.0759526616959
418135 2140.7 0.0175570101625
554573 2080.86 0.065183952768
154276 2074.3 0.0258101515649
378160 2353.9 0.0248092040125
27002 2028.34 0.013713124538
4660 2122.76 0.0126804744101
301844 2396.46 0.0359275033731
164211 2180.44 0.0332181010048
437905 2251.92 0.0659055424123
52760 2344.58 0.0102478020893
565239 2180.74 0.0508327423224
555538 2135.48 0.0123690778463
565266 2301.88 0.262029817535
163132 2171.52 0.0644427481396
567059 2195.36 0.0625728801319
186844 2381.12 0.0487887440414
139211 2094.34 0.0569152355913
10115 2157.32 0.0421920172318
567393 2259.74 0.076227294242
564649 2270.24 0.0357765804097
162783 2415.66 0.0381990215051
547645 2294.68 0.0421489148737
141593 2107.42 0.0253089008391
450263 2267.7 0.0895616112169
822 2024.32 0.934113406946
542522 2143.82 0.00769506259319
567609 2098.54 0.0390291640326
143649 2400.24 0.0436112218344
279816 2059.56 0.0628325329021
567374 2052.26 0.0520197851245
518286 2330.3 0.013105248502
292220 2038.14 0.00874940044272
137427 2102.2 0.0967319251328
363505 2176.58 0.039049712987
505610 2226.94 0.00911968564177
511299 2131.12 0.0615922092827
7753 2376.32 0.0248755506528
367248 2378.86 0.0190271988714
566918 2071.94 0.438275444285
567698 2044.56 0.0464337705414
530883 2051.6 0.185197692803
417634 2275.92 0.06649000127
550908 2327.82 0.0234221165834
8034 2212.7 0.0983160256149
3361 2041.32 0.0142696875918
568007 2130.2 0.0254833492065
567935 2351.42 0.0199725128795
205744 2087.92 0.116421522147
162361 2320.3 0.0171510926945
7236 2056.34 0.230721980604
242216 2289.34 0.0162975398671
467460 2367.88 0.0128747854388
550257 2295.92 0.0368076838857
566554 2147.62 0.0263331302958
568781 2369.22 0.0341138769355
554835 2114.58 0.033277218574
568376 2419.86 0.036562570412
66391 2096.5 0.0413274807751
568771 2269.6 0.206356712739
566835 2027.64 0.0423456965934
417419 2338.58 0.186826612182
568360 2322.28 0.0211460206171
565836 2238.74 0.0406134774165
242643 2094.46 0.033386174762
518384 2234.5 0.0604733235129
562803 2083.82 0.0675548299425
566309 2396.3 0.0492686814679
553821 2077.78 0.0487011508448
13651 2207.8 0.0508524333525
571114 2372.24 0.0384558799948
506474 2089.68 0.18483561493
446862 2139.42 0.0546353503461
571235 2373.26 0.0301390295135
525638 2176.7 0.0352050850265
422686 2405.82 0.0406578671489
277475 2206.86 0.0137310532801
500697 2376.14 0.0498232584222
567424 2278.62 0.00786618819543
500814 2057.44 0.0341424087355
557745 2105.64 0.0483991232423
559747 2355.64 0.19020682502
568907 2122.48 0.0231541271106
10682 2307.08 0.783261968647
572348 2229.72 0.0176286725341
197588 2107.1 0.0752705474437
554297 2368.14 0.127066602204
451124 2139.98 0.0815507131881
444004 2334.24 0.0525005332613
572706 2253.66 0.0101366699819
200840 2101.3 0.0486368792928
413260 2107.74 0.0593628151262
164216 2106.48 0.0146391110464
329437 2044.72 0.0492196510548
20898 2316.5 1.04845475942
573959 2250.44 0.0486165258577
423321 2418.1 0.0354836705563
518831 2309.4 0.0201685009813
2212 2267.32 0.124582306566
573992 2085.7 0.0362654296763
363734 2050.78 0.0746597367974
4034 2346.6 0.036594346649
86039 2209.36 0.10771607322
163697 2028.52 0.0586011316519
566458 2407.06 0.0439232014672
12923 2164.62 0.0268391508937
503394 2096.84 0.0196755190251
337075 2277.14 0.00850368253833
468468 2133.92 0.0145613212917
68548 2029.78 0.0168045638132
578680 2052.82 0.101228416498
439877 2044.42 0.0826763121736
494697 2173.8 0.0677757065729
500894 2358.86 0.0219767114601
359170 2365.26 0.0980763713335
515182 2262.54 0.0332794908668
542903 2036.92 0.090408510992
325395 2303.12 0.11942769853
501824 2111.22 0.0207394937431
417217 2179.72 0.0306221559604
568914 2061.4 0.0670605246962
579177 2125.32 0.0501728505617
89136 2244.96 0.0597503735251
330233 2295.6 0.0365195124105
579163 2041.22 0.09474583058
579164 2048.64 0.0975789120297
1486 2407.52 0.92573359473
481482 2020.56 0.20535446378
570948 2421.54 0.0295163673564
504419 2336.34 0.0426072439125
567699 2120.3 0.132327900528
504800 2297.58 0.826511634713
1204 2264.88 0.604080386856
580707 2080.6 0.115844476297
580857 2182.04 0.0273309210203
579867 2382.94 0.017966881035
506470 2093.58 0.0479939734883
580706 2050.18 0.0576566594634
580375 2375.76 0.0320818033607
138404 2041.24 0.0293303649292
567997 2131.54 0.0316873684085
289315 2050.56 0.0626696342744
507684 2350.16 0.028746929312
3200 2411.78 0.0295998368543
583501 2108.2 0.028586795023
435548 2340.06 0.0804340292109
260141 2044.8 0.0379938984943
583807 2062.08 0.021804079666
572216 2146.62 0.0509039605621
583898 2026.62 0.0306401740341
520616 2031.0 0.0153089133439
519466 2048.8 0.0216547141706
405762 2205.46 0.0584133156644
503634 2315.38 0.0334532042285
584690 2219.44 0.0796854203086
26663 2315.48 0.0233076411722
333521 2214.18 0.00904179860231
267337 2336.96 0.0316781259031
22143 2218.8 0.81353421994
139622 2403.92 0.0655379352646
586439 2053.92 0.029116772794
162510 2279.22 0.0269596690167
22753 2349.06 0.0422102754663
586760 2306.1 0.0624817193194
369057 2285.6 0.00699512278338
170086 2381.82 0.0158161515473
559761 2306.5 0.0178161586228
357022 2298.76 0.0509862521686
374851 2076.68 0.0354462786458
566308 2328.18 0.0220513765458
583474 2293.58 0.0472414443779
19764 2168.44 0.235953738247
163243 2295.06 0.0226613661152
350751 2143.58 0.0194504707518
3757 2113.76 0.0575718338224
87684 2189.24 0.0474063273723
490581 2408.8 0.0372681695816
583462 2167.66 0.0237870584582
515595 2386.7 0.0126132291921
385343 2043.58 0.0175510427325
438105 2341.28 0.0311459998407
85182 2083.4 0.0294526969579
455299 2178.18 0.026116448214
255071 2181.38 0.0334463690615
452302 2281.98 0.0425259286955
568922 2044.58 0.0837032774652
548604 2421.5 0.0130139521948
1981 2226.14 0.0491237373184
386454 2114.68 0.0371331344251
65909 2190.04 0.0140422568665
566417 2304.08 0.0148934953746
401954 2171.42 0.0209085045268
480858 2066.78 0.0350781382167
520900 2398.7 0.0164973577511
53319 2315.04 0.0287683500191
350523 2315.52 0.282720422813
562009 2414.08 0.163446830696
18736 2042.18 0.224509303504
500666 2091.02 0.0419051199051
332446 2026.3 0.00796966746742
354182 2022.56 0.00395258377541
583126 2227.78 0.0313230384242
290772 2174.16 0.019359624088
514941 2182.76 0.0514314181925
594821 2024.62 0.0490632844148
595027 2144.12 0.118716156694
594077 2253.26 0.126516048229
162000 2161.64 0.0123071778249
501709 2139.54 0.0375839061656
5020 2374.1 0.700556049919
595019 2316.18 0.0549363033701
595036 2225.82 0.0821315025542
90403 2379.88 0.0308576158209
162422 2202.94 0.0210697489351
469445 2346.44 0.0187381588914
549651 2160.56 0.235426701887
357622 2099.62 0.0439303051769
26760 2362.24 0.243861428735
583463 2105.9 0.0807867336409
601623 2080.42 1.13336787095
601441 2308.86 0.983780440516
593094 2339.3 0.0450578067038
5143 2405.46 0.0332985723147
593264 2020.22 0.0478393733
597201 2179.6 0.0552980829335
542815 2126.84 0.0136812182817
216115 2293.24 0.0368831668852
476601 2041.24 0.0317545634335
385605 2055.48 0.0202477877142
41429 2350.6 0.0245293900214
143624 2275.36 0.0682838301919
380636 2095.18 0.0141760427755
86819 2319.02 0.0481204764818
26817 2087.9 0.161073390387
597898 2067.38 0.0305808322639
101955 2253.22 0.0124189107838
263976 2169.42 0.0649645342426
601824 2405.4 1.57473869004
141053 2272.1 0.037731162915
598169 2312.42 0.0506787223066
481457 2047.9 0.0286679822912
5248 2417.26 0.834078929327
458122 2207.8 0.0475211019425
434096 2101.28 0.0264390462679
163364 2343.36 0.0218575340948
456938 2116.26 0.0217767503709
597704 2170.36 0.0273269151029
519148 2350.62 0.0222476491285
67367 2147.2 0.086891330811
16834 2042.52 0.137048040205
599109 2226.22 0.0313106143558
600115 2209.32 1.27995123456
600159 2256.8 1.9409608759
435159 2225.46 0.0402280433966
448003 2054.2 0.0239455675801
600011 2143.14 1.07576860734
600774 2106.18 1.4286672521
600642 2359.78 1.00690497594
600662 2056.34 1.96116236755
600833 2045.98 1.44659357305
600767 2400.46 1.02013720105
600780 2076.5 1.0536317779
600759 2362.96 1.70595258932
598971 2073.54 0.0330647984294
600734 2395.56 1.42245266627
600756 2288.44 1.88019120598
600543 2025.42 1.12591710797
600677 2388.68 1.0060418472
600095 2027.28 1.60873403399
600427 2240.12 1.09238106631
600032 2328.78 1.54214068043
597204 2105.02 0.0203550195915
600853 2410.22 1.66687138471
600548 2311.54 0.869782126038
410627 2166.12 0.0341833361264
4924 2408.52 0.694202558216
575072 2038.12 0.0356096083428
600251 2091.3 0.0743208113879
399457 2029.82 0.0967329805452
600992 2184.74 0.881145305456
600231 2102.68 0.0424249899519
162474 2228.84 0.0270467819138
601162 2361.92 2.08317864936
140158 2110.3 0.0357890263604
308635 2021.66 0.00857129379113
68950 2133.86 0.0271947079259
591177 2381.72 0.0312705521367
554280 2125.12 0.0490780473705
594704 2163.0 0.0234118389043
601301 2176.44 0.975835868295
600936 2377.96 0.0227961468592
68216 2030.98 0.0159404026044
601036 2074.0 1.49655811818
601104 2423.96 1.05616019214
511413 2255.08 0.0531196214338
600017 2191.98 0.135750115138
413989 2090.48 0.0519767916845
601522 2364.12 1.50604658346
601019 2073.52 1.18267727478
363116 2083.64 0.0247337842463
601560 2413.04 0.0307238839033
602134 2326.52 1.47514474233
4015 2407.56 0.103453202655
601589 2173.24 1.4839957211
601478 2195.18 0.0424556349769
601737 2358.06 0.965171344165
601533 2270.32 0.0396018677501
358744 2166.56 0.0292781531178
600902 2303.94 0.0141457388
601756 2422.34 0.826616198825
601618 2103.88 0.99292674412
217430 2043.18 0.0244946673236
1720 2113.76 0.982534423873
601800 2054.04 0.00567910984207
154275 2148.1 0.133003337532
411165 2365.24 0.0349168624844
602359 2271.88 1.38701291323
602379 2375.74 1.41496424262
601826 2050.02 0.876934033447
602099 2406.58 1.53211478345
602156 2028.06 1.18081507881
579810 2316.54 0.037714167519
140039 2217.26 0.0556482537718
230549 2085.34 0.0445861740347
140288 2278.28 0.0844588707115
600971 2059.24 0.0241886303332
601935 2092.8 1.4299623044
207398 2315.56 0.0272508256525
602745 2028.5 0.0426842966657
85774 2072.42 0.0893132996926
603224 2256.78 1.69803151897
310442 2063.9 0.0213346902163
603492 2323.74 1.15013349938
603812 2396.7 1.57911791801
603228 2040.64 2.29156625673
603251 2280.34 1.06205052538
401856 2343.88 0.149556759727
451297 2358.02 0.0148912964656
602746 2110.64 0.0666032522864
603650 2195.76 0.0208116354805
604308 2179.66 0.0173959615908
603665 2146.58 0.0150568460508
18109 2210.96 0.205371387024
561557 2085.66 0.0168023194575
416195 2142.6 0.107190621169
443880 2266.88 0.0508878727897
139359 2089.32 0.20091813538
39572 2350.44 0.0447950243474
8709 2111.36 0.31467939945
152664 2392.88 0.0288551660099
4486 2329.44 0.0518577736961
594707 2307.44 0.240414724956
206378 2080.04 0.0575474403763
580379 2419.16 0.0283176642436
603852 2120.92 0.0450217580258
599854 2368.04 0.0249517717748
3122 2269.86 0.066623229661
604054 2414.34 0.742371647499
603983 2375.86 0.0765542407535
563168 2064.64 0.0297434538448
10278 2023.02 0.790422151332
465617 2343.68 0.014985860567
514646 2124.6 0.0325685296605
434188 2347.88 0.0392103306864
527495 2326.26 0.0530014418358
374038 2284.44 0.0473544022343
194006 2390.88 0.0170500369779
3671 2064.12 0.0443884630833
550246 2397.08 0.023862615135
541550 2394.66 0.0279353384256
20429 2087.72 0.0592252619154
542853 2094.32 0.0177706196924
7304 2212.52 0.514610953929
286080 2313.32 0.0477156063607
136618 2309.4 0.295131364915
546752 2282.78 0.0127007935934
4769 2169.54 0.0302587872372
226514 2101.7 0.0154697312085
601335 2061.46 0.0383895171472
387746 2128.78 0.199481753247
423709 2046.52 0.0180975159952
138524 2081.22 0.0416450476452
565820 2350.0 0.0552271594006
604662 2183.62 0.0243409957159
29075 2213.34 0.0382003090566
572709 2368.44 0.0114290007731
153814 2210.78 0.0808752785861
434633 2160.42 0.203738478968
429094 2269.46 0.0485689795097
541311 2344.8 0.0622577730581
2110 2182.32 0.811066888946
16960 2377.2 0.0474897953085
163014 2137.4 0.113513538872
382745 2403.4 0.0383272257835
360191 2231.58 0.0241654969853
53789 2383.06 0.0593485541082
89830 2143.1 0.0483106167446
367789 2321.44 0.0169903106147
5011 2353.04 0.0401384392448
279744 2292.76 0.0606770920099
600232 2390.38 0.109066221202
17182 2372.96 0.134961856126
605728 2328.94 0.336138699097
153958 2143.88 0.0297722301346
552029 2361.36 0.00839836115812
604322 2089.82 0.0161038609521
595034 2082.04 0.0561677762588
588800 2138.36 0.0572778115332
3338 2182.24 0.782915444387
606100 2408.06 0.0565332219776
408792 2385.94 0.0705994906845
136617 2059.18 0.0182755189998
605736 2029.96 0.0271481132275
5693 2354.78 0.0186125075059
377732 2235.84 0.163320229262
544458 2049.7 0.0384538346079
220839 2046.88 0.207355876861
368565 2052.08 0.0347375034225
26031 2325.9 0.856455604194
65803 2405.76 0.0449471792535
455687 2386.8 0.24419123402
162173 2263.24 0.012315826469
567394 2070.36 0.0581470148364
501524 2116.26 0.0416965181096
403775 2118.28 0.0175490322977
444584 2281.88 0.0228353658813
475534 2351.66 0.0135402571871
4183 2145.3 0.0236425490793
398188 2333.74 0.0374725877787
375103 2062.04 0.0223195694697
143651 2394.48 0.0210381191676
277570 2239.22 0.0267759437106
382758 2339.66 0.033709085448
566454 2131.88 0.0727789509131
587513 2046.48 0.092074582003
152754 2048.6 0.0234800360087
375054 2400.1 0.0568523410594
141495 2228.26 0.0200364111554
608556 2237.54 0.0128956467562
604390 2164.44 0.0203500565229
553982 2079.88 0.0149396479188
608557 2358.98 0.0868741619822
9856 2282.66 0.0315277788726
349068 2065.18 0.0230849980221
153220 2074.86 0.0547851334365
164400 2149.96 0.127699216495
458116 2084.48 0.012823438117
624311 2099.58 0.0441129210105
5933 2228.46 0.838683586877
192642 2027.9 0.142233104391
8014 2379.1 0.0133318778611
441641 2094.52 0.0267189545312
564527 2322.38 0.0354578142426
4847 2322.68 0.975300589248
3519 2413.38 0.785565687472
462550 2332.32 0.0211900420897
600110 2047.94 0.891617215155
578074 2142.5 0.0392591183241
648503 2157.68 0.0258958646033
611989 2147.12 0.0685080313801
611993 2091.16 0.06448829755
611433 2120.56 0.0865219352105
171839 2364.94 0.0535768755153
269690 2094.3 0.0281451928753
554564 2153.44 0.0339091115669
163051 2368.92 0.021782436277
